#type       avg     std     min      p5     p10     p50     p67     p75     p80     p85     p90     p95     p99    p999   p9999      QPS   target       ts_start         ts_end
read      302.1   358.7   148.8   195.4   206.1   264.6   300.3   323.5   341.7   363.3   389.9   428.2   548.6  5737.9 15526.7  29870.7    30000  1684517087822  1684517097953
read      291.0   302.1   160.7   194.4   204.3   255.0   288.6   313.0   332.7   355.6   382.5   421.5   540.7  5209.0 10932.1  30031.6    30005  1684517099460  1684517109581
read      300.9   309.3   148.8   193.8   204.6   265.8   303.6   327.9   345.9   367.6   393.5   430.3   564.4  5266.2 10994.0  30063.0    30010  1684517111090  1684517121195
read      293.0   341.0   148.8   195.3   205.3   256.2   288.5   310.3   327.1   347.1   373.5   413.9   537.4  5814.5 12200.0  29978.0    30015  1684517122706  1684517132816
read      294.0   340.3   160.7   194.0   204.6   261.6   294.5   315.1   330.5   348.1   372.4   410.9   536.5  5550.7 14684.5  30022.9    30020  1684517134323  1684517144439
read      290.0   315.2   148.8   193.6   204.1   256.4   287.4   307.1   321.3   340.5   365.3   404.5   532.5  5575.5 10698.7  30131.5    30025  1684517145948  1684517156053
read      291.1   331.0   148.8   195.1   205.4   261.2   292.1   311.2   325.0   342.1   364.7   399.1   501.7  5394.1 11947.7  30064.3    30030  1684517157561  1684517167664
read      293.5   352.2   148.8   194.5   205.1   260.6   291.1   310.5   325.0   343.6   367.9   402.4   539.6  5851.4 12237.7  30049.7    30035  1684517169174  1684517179284
read      292.4   360.6   148.8   193.7   203.9   259.3   291.7   312.0   327.1   345.1   368.7   401.0   508.2  5942.7 15288.6  30031.5    30040  1684517180791  1684517190892
read      291.3   351.0   148.8   193.8   204.0   258.4   294.0   316.2   332.1   349.4   370.9   401.4   494.5  5587.2 15425.1  30011.9    30045  1684517192401  1684517202511
read      297.3   317.0   148.8   193.2   203.7   262.5   300.3   323.9   340.8   359.4   380.9   413.2   547.7  5106.1 11525.0  29959.9    30050  1684517204018  1684517214134
read      289.9   335.3   148.8   192.4   202.7   254.7   289.1   312.4   329.7   349.1   371.9   403.4   518.2  5908.5 11064.7  30052.1    30055  1684517215644  1684517225749
read      299.2   320.7   148.8   193.8   204.5   267.8   307.0   329.5   344.7   362.4   382.9   413.4   543.3  4931.3 12578.7  29932.8    30060  1684517227257  1684517237365
read      294.4   352.6   148.8   194.0   204.0   258.4   295.1   318.4   335.0   353.2   373.9   404.0   518.7  5671.9 13111.6  30052.5    30065  1684517238872  1684517248983
read      289.3   314.6   148.8   192.0   202.0   256.5   293.4   316.6   332.8   350.3   371.5   401.2   492.8  5179.1 13176.5  29990.6    30070  1684517250493  1684517260593
read      297.4   347.0   148.8   192.2   202.5   255.4   290.3   312.4   328.6   346.7   371.3   413.5   922.8  5666.8 12910.2  30088.2    30075  1684517262099  1684517272290
