#type       avg     std     min      p5     p10     p50     p67     p75     p80     p85     p90     p95     p99    p999   p9999     QPS   target
read     1355.8  1662.9   160.7   248.0   279.3   521.3  1950.5  2067.3  2173.5  2675.0  3603.8  3920.6  4151.9 25465.6 36206.6  30003.6    30000
read     1177.0  1445.6   160.7   247.9   279.8   504.1  1782.8  1987.9  2078.2  2187.6  2828.7  3841.9  4289.5 17922.7 31945.2  34900.8    35000
read     1058.8  1455.8   160.7   251.1   284.1   487.8   652.6  1862.8  1981.7  2096.6  2285.9  3838.5  5177.8 18855.0 32119.2  40104.6    40000
read      978.0  1444.7   148.8   253.5   286.3   477.2   603.6   756.1  1903.4  2033.1  2186.1  3758.9  5109.9 19918.4 32176.1  44957.8    45000
read      912.3  1367.8   160.7   259.1   294.3   492.0   607.9   713.0   854.5  1964.4  2142.7  3608.8  4872.5 19528.7 35696.8  49878.0    50000
read     1587.5  3210.5   173.5   429.2   459.9   610.2   927.6  1026.3  1094.4  3872.3  4666.8  5180.3  8668.7 36701.2 49415.3  48894.6    55000
read     1598.0  3207.9   173.5   424.3   457.0   623.2   925.0  1027.1  1098.1  4017.7  4675.1  5108.8  8733.3 36308.9 50584.1  48838.8    60000
read     1546.0  3161.1   173.5   401.9   436.7   612.0   871.8   989.5  1072.4  3860.6  4637.2  5096.6  8554.1 36746.4 51082.2  50312.0    65000
read     1591.1  3187.0   173.5   427.1   460.7   617.4   928.2  1043.9  1113.7  3983.7  4678.6  5129.5  8652.6 36865.1 49776.2  48801.4    70000
read     1683.1  3351.2   202.4   454.9   487.8   640.8   988.7  1091.5  1175.4  4176.3  4725.5  5287.2 10005.5 36962.7 46585.9  46796.0    75000
read     1534.1  3102.6   202.4   397.6   434.0   624.0   860.3   989.5  1077.5  3810.9  4625.2  5085.2  8417.0 36500.0 53651.0  50418.0    80000
read     1580.1  3195.3   187.4   424.4   456.8   612.2   917.3  1028.2  1096.6  3926.4  4664.2  5106.0  8579.5 36360.4 49178.1  49283.0    85000
read     1541.3  3102.2   202.4   409.2   442.1   612.2   887.1  1000.5  1079.0  3794.4  4638.5  5117.1  8458.7 36969.1 51208.4  50110.8    90000
read     1533.8  3085.1   173.5   401.8   436.7   613.0   878.6   993.2  1072.3  3789.9  4638.3  5109.6  8509.6 35633.3 47396.8  50214.7    95000
read     1449.5  3008.0   173.5   376.5   408.7   583.8   800.9   916.1   999.8  1233.4  4575.9  5055.2  8110.5 36301.5 50441.4  53021.3   100000
read     1580.6  3177.9   187.4   422.3   455.3   618.7   915.0  1020.6  1090.0  3865.4  4669.7  5155.1  8565.1 36591.6 43655.6  49240.4   105000
read     1538.2  3144.9   187.4   402.6   439.3   605.8   864.6   991.4  1071.4  3761.6  4628.2  5108.9  8558.5 36978.0 49942.2  50596.0   110000
Warning! Detected max cpu usage > 95%
CPU Usage Stats (avg/min/max): 89.92%,73.96%,100.00%
