#type       avg     std     min      p5     p10     p50     p67     p75     p80     p85     p90     p95     p99    p999   p9999     QPS   target
read     1349.4  1616.6   160.7   250.6   284.2   543.9  1955.0  2074.2  2170.3  2466.1  3496.9  3909.3  4109.4 21513.5 32194.9  30013.8    30000
read     1219.9  1541.8   160.7   252.5   285.8   519.4  1763.9  1999.1  2097.4  2215.7  3150.4  3917.2  5012.5 20467.1 31971.1  34856.6    35000
read     1085.3  1480.2   160.7   253.1   285.1   484.5   649.1  1899.1  2004.2  2123.5  2364.2  3894.7  5149.0 19230.9 36531.6  39998.0    40000
read      957.6  1391.5   160.7   257.7   291.7   498.6   621.3   742.9  1502.1  2030.8  2177.6  3734.9  5044.4 18409.5 32678.7  44931.6    45000
read      930.6  1381.3   160.7   274.3   310.8   515.8   626.9   728.2   848.2  1947.8  2157.1  3731.0  5050.7 17697.4 33822.9  50010.4    50000
read     1538.7  3176.5   173.5   406.9   439.6   615.0   874.9   975.7  1053.3  3651.2  4623.1  5104.9  8501.2 36759.1 51087.6  50308.0    55000
read     1552.7  3151.0   187.4   409.1   442.9   612.2   889.5   994.5  1071.4  3811.3  4642.3  5118.6  8587.2 36558.4 52135.2  49972.2    60000
read     1536.5  3167.0   187.4   406.5   440.9   602.2   874.3   985.8  1062.1  3744.2  4627.5  5111.2  8492.1 37075.2 49177.0  50558.8    65000
read     1629.2  3290.1   187.4   429.6   465.4   637.3   941.9  1054.2  1141.4  4153.1  4681.2  5101.4  8730.0 37060.6 56118.6  48136.4    70000
read     1616.7  3262.1   173.5   430.3   462.4   633.7   942.4  1042.0  1118.0  3958.6  4685.0  5192.6  8737.1 37391.7 51996.6  48459.0    75000
read     1566.0  3196.9   187.4   407.1   442.6   624.3   886.8   996.5  1078.1  3908.1  4648.4  5083.8  8580.5 36946.1 45040.5  49974.4    80000
read     1521.4  3098.2   187.4   390.0   424.9   621.2   854.1   972.5  1059.6  3749.8  4607.3  5057.5  8400.8 36641.4 47358.0  50973.6    85000
read     1599.3  3215.2   187.4   430.8   462.3   623.2   928.5  1034.7  1104.5  3998.5  4684.7  5129.7  8648.4 37226.2 52229.0  48804.2    90000
read     1595.5  3202.3   187.4   426.2   458.9   625.2   925.1  1028.0  1097.0  4003.9  4662.7  5103.5  8688.4 36775.6 43840.3  48985.6    95000
read     1611.0  3216.0   173.5   432.3   465.6   631.0   932.0  1043.6  1120.8  4032.6  4680.1  5123.9  8716.9 37109.2 44447.3  48542.3   100000
read     1447.2  3026.4   187.4   374.4   405.3   595.0   802.0   900.8   984.2  2605.9  4536.4  5040.4  8107.9 36693.0 53476.4  53355.6   105000
read     1558.8  3161.1   187.4   420.9   451.6   604.0   902.0  1005.5  1080.9  3912.2  4649.0  5084.2  8576.2 36823.7 49811.5  49895.2   110000
Warning! Detected max cpu usage > 95%
CPU Usage Stats (avg/min/max): 89.64%,70.92%,100.00%
