#type       avg     std     min      p5     p10     p50     p67     p75     p80     p85     p90     p95     p99    p999   p9999     QPS   target
read     1354.6  1649.6   160.7   251.1   283.0   541.8  1960.2  2081.8  2173.7  2485.3  3518.7  3914.4  4071.5 24347.8 32045.4  29937.4    30000
read     1185.6  1507.6   160.7   252.4   284.9   517.7   916.3  1976.8  2066.5  2177.0  2840.3  3883.5  4988.1 20738.5 32198.9  35074.4    35000
read     1070.3  1462.0   160.7   248.9   280.9   470.7   634.5  1903.5  2004.1  2124.1  2347.1  3820.9  5106.9 19052.0 32059.3  39964.8    40000
read      967.9  1455.1   160.7   260.7   296.7   510.5   634.3   765.5  1319.1  2020.3  2173.6  3666.2  5015.7 20802.3 37789.5  44940.2    45000
read     1310.4  2625.2   160.7   323.0   374.7   580.4   795.8   936.7  1041.4  2044.4  4149.1  4815.0  7610.6 33569.0 43239.9  49390.8    50000
read     1528.5  3141.7   173.5   393.0   427.6   618.9   849.9   969.5  1062.6  3627.7  4604.7  5111.6  8480.2 36713.9 46878.9  50626.4    55000
read     1491.7  3117.2   187.4   381.9   418.1   599.8   817.4   950.0  1038.7  1907.0  4582.1  5122.5  8377.0 37226.2 52232.9  51683.2    60000
read     1588.2  3155.4   173.5   422.1   456.4   623.0   912.1  1026.1  1100.1  3881.8  4668.7  5278.6  8639.0 37084.5 47568.1  48617.8    65000
read     1595.9  3157.0   187.4   433.7   465.5   619.2   942.7  1046.0  1116.3  3997.5  4677.1  5137.4  8643.8 36806.0 44753.0  48588.4    70000
read     1568.0  3186.6   173.5   420.4   452.7   596.8   908.0  1013.2  1082.9  3834.0  4664.7  5160.0  8592.5 36672.9 51407.6  49709.9    75000
read     1636.4  3285.2   202.4   440.4   473.5   630.8   955.9  1062.8  1144.7  4127.6  4687.3  5121.1  9684.8 37020.4 51105.8  48089.2    80000
read     1649.0  3279.8   173.5   441.1   476.1   642.1   957.5  1068.7  1152.8  4096.2  4700.6  5248.4  8743.2 36392.8 49426.5  47432.6    85000
read     1447.1  3120.7   187.4   365.1   395.3   594.5   790.0   883.7   968.4  1177.6  4542.8  5047.8  8130.3 36541.5 52815.3  53838.8    90000
read     1579.4  3165.2   187.4   413.5   448.9   633.9   902.9  1018.4  1098.0  3945.2  4664.3  5117.0  8587.1 37204.7 50194.5  49190.2    95000
read     1628.4  3294.4   202.4   431.2   467.0   640.1   942.1  1045.5  1125.1  4030.4  4688.8  5166.8  8709.1 37242.7 52632.3  48045.6   100000
read     1575.2  3207.6   173.5   425.8   455.5   604.8   914.8  1010.3  1081.7  3933.3  4658.5  5098.9  8618.6 36851.4 48788.3  49634.0   105000
read     1548.6  3150.9   187.4   405.4   439.8   610.7   880.6   995.7  1074.5  3791.1  4647.3  5103.3  8592.8 36591.3 48400.0  50244.4   110000
Warning! Detected max cpu usage > 95%
CPU Usage Stats (avg/min/max): 89.53%,67.36%,100.00%
