#type       avg     std     min      p5     p10     p50     p67     p75     p80     p85     p90     p95     p99    p999   p9999     QPS   target
read      404.5   208.7   160.7   208.1   228.0   377.1   450.2   494.9   528.4   569.2   618.4   678.8   787.8  1453.9  8313.4  29859.8    30000
read      407.1   188.2   160.7   209.0   229.1   380.3   449.6   494.3   529.7   574.1   627.9   690.6   805.0  1322.5  6901.5  34888.4    35000
read      416.9   222.1   160.7   209.0   228.7   386.8   459.7   503.8   540.6   589.4   649.1   726.2   856.8  2182.0  7987.0  40057.8    40000
read      408.9   208.5   148.8   205.3   225.0   383.9   454.0   495.6   529.1   573.2   631.2   700.5   819.3  1666.8  7788.3  44982.6    45000
read      399.8   233.9   148.8   203.4   221.4   372.2   438.6   479.0   510.3   554.9   621.2   704.7   826.0  1385.5  7545.4  49848.6    50000
read      400.3   254.9   160.7   201.4   218.4   366.1   438.3   481.8   516.7   563.2   625.7   711.4   852.4  2474.3  9914.0  54926.6    55000
read      379.3   217.8   148.8   197.1   212.7   350.7   414.4   454.0   485.9   527.9   588.2   674.4   798.1  1617.6  8143.9  59927.0    60000
read      389.0   227.3   160.7   199.2   215.3   359.5   430.5   471.1   502.6   542.6   599.0   682.8   834.3  1229.7  7888.6  64807.2    65000
read      396.2   271.5   148.8   201.0   218.0   365.6   440.1   482.9   514.1   552.1   605.3   686.1   843.7  1302.1 12671.1  70138.4    70000
read      382.1   192.0   148.8   199.8   216.2   353.9   422.1   462.6   493.0   530.5   582.8   671.9   820.8  1128.4  4908.3  75161.8    75000
read      401.9   207.2   148.8   207.9   227.5   379.0   450.7   490.1   518.7   552.5   600.2   673.7   807.7  1151.0  9242.6  79849.0    80000
read      398.9   239.2   148.8   207.9   227.5   375.8   446.5   484.9   511.8   545.8   590.3   658.7   786.6  1182.8 11340.9  84978.6    85000
read      386.8   180.4   148.8   206.3   224.7   364.3   428.4   465.2   493.3   527.9   575.2   646.4   787.2  1169.7  6220.3  90063.4    90000
read      675.1   381.4   160.7   411.8   441.7   562.6   779.8   883.7   930.0   972.3  1012.8  1070.3  1166.3  3606.8 15925.5  93436.6    95000
read      703.0   375.3   173.5   444.5   473.0   581.3   775.3   946.0   988.9  1030.6  1069.4  1118.3  1195.3  2473.9 17099.8  92526.8   100000
read      684.5   359.9   160.7   433.5   457.8   565.3   754.8   915.1   962.6  1000.7  1042.6  1087.8  1178.3  3309.2 12709.6  95208.6   105000
read      640.8   330.5   160.7   379.5   415.1   541.5   729.6   832.2   883.1   924.5   969.1  1016.3  1100.3  2083.4 13804.3 101083.6   110000
Warning! Detected max cpu usage > 95%
CPU Usage Stats (avg/min/max): 89.85%,66.83%,100.00%
