#type       avg     std     min      p5     p10     p50     p67     p75     p80     p85     p90     p95     p99    p999   p9999     QPS   target
read      421.2   266.8   160.7   210.1   231.8   392.3   467.8   515.1   550.4   593.9   639.5   699.4   823.9  2071.2 10713.0  29904.6    30000
read      400.3   467.9   148.8   194.6   209.6   351.6   434.2   488.1   527.3   572.2   621.6   680.4   796.0  5899.9 21177.5  34853.4    35000
read      406.9   234.5   160.7   206.5   224.6   370.7   442.9   491.2   530.9   582.2   641.2   720.0   855.3  2160.6  9677.3  40192.4    40000
read      418.9   255.0   160.7   209.6   231.0   392.5   463.1   505.2   540.1   585.1   642.2   718.6   854.6  1373.7  8214.9  45068.7    45000
read      427.5   233.4   148.8   204.2   223.4   393.3   474.5   525.4   565.1   614.0   671.8   751.8   958.1  1826.6  9147.2  49850.0    50000
read      401.6   212.4   148.8   201.4   219.1   369.8   441.9   487.0   522.3   568.1   631.3   717.9   855.3  1523.3  6340.0  55012.2    55000
read      395.5   213.7   148.8   198.9   215.5   365.3   438.4   481.6   515.1   559.2   619.5   701.3   849.5  1363.7  8573.7  59988.2    60000
read      391.2   232.6   148.8   199.1   215.5   364.2   437.9   479.8   510.3   548.7   600.4   674.9   803.3  1264.4  9533.3  64953.2    65000
read      401.8   209.1   160.7   201.8   219.3   373.2   450.7   493.4   525.2   564.8   618.7   698.3   856.4  1425.5  7473.8  70013.8    70000
read      389.3   188.3   148.8   202.1   218.8   361.2   433.3   474.9   505.5   543.9   596.2   678.1   821.7  1105.6  7071.1  74999.5    75000
read      387.4   213.0   148.8   203.8   221.1   361.5   431.0   469.9   499.2   534.1   580.6   654.8   798.9  1086.8  9137.2  80134.8    80000
read      385.1   193.3   148.8   203.8   221.5   361.5   427.9   465.6   493.7   527.9   575.2   647.0   786.8  1056.3  7638.7  84979.8    85000
read      405.7   227.2   148.8   215.2   236.5   381.4   448.4   486.1   513.4   547.8   593.6   671.0   812.6  1395.6  9333.2  90104.2    90000
read      436.7   208.2   160.7   233.0   259.5   411.5   483.7   525.3   555.5   592.9   640.5   714.5   854.6  1109.0  6792.7  94867.6    95000
read      666.6   323.3   160.7   389.0   424.8   573.4   751.8   850.7   908.8   964.0  1016.3  1078.0  1175.5  2025.3 11959.2  95997.8   100000
read      662.9   350.5   160.7   388.6   424.1   563.6   746.1   851.6   908.6   960.2  1008.2  1069.0  1169.6  3572.8 12315.2  97624.4   105000
read      665.9   340.8   160.7   412.5   442.7   550.5   738.9   883.3   934.6   975.7  1014.6  1069.6  1162.0  2766.5 13271.1  97810.5   110000
Warning! Detected max cpu usage > 95%
CPU Usage Stats (avg/min/max): 89.75%,72.36%,100.00%
