#type       avg     std     min      p5     p10     p50     p67     p75     p80     p85     p90     p95     p99    p999   p9999     QPS   target
read      416.5   239.7   160.7   208.6   230.2   390.2   463.9   509.4   545.3   588.5   633.6   689.6   793.5  1934.6 10694.9  29845.2    30000
read      427.5   271.1   160.7   212.6   232.5   387.4   468.0   520.3   562.4   615.0   677.9   748.8   865.8  2082.1 10973.0  34977.8    35000
read      421.8   264.0   160.7   206.0   226.0   387.6   465.7   512.6   549.7   598.2   657.2   734.2   874.7  2542.3  9212.7  39993.2    40000
read      428.7   246.2   160.7   208.7   229.8   402.5   477.8   520.7   553.3   598.8   656.1   732.8   870.8  2134.8  9402.7  45033.0    45000
read      421.0   235.2   148.8   205.2   224.9   395.5   471.1   513.6   546.9   591.1   648.2   725.7   872.4  1383.0  9319.6  49956.8    50000
read      403.6   214.9   148.8   203.5   220.7   372.2   444.6   489.1   524.0   569.7   632.7   723.6   860.9  1184.3  9595.8  54922.4    55000
read      383.7   252.4   148.8   198.1   214.2   355.7   421.6   461.0   492.4   533.1   592.0   677.1   798.7  1243.2  8698.6  59971.0    60000
read      395.7   222.5   148.8   200.2   216.4   366.3   442.5   485.0   516.3   554.7   609.3   689.8   846.4  1324.0  9800.5  65108.5    65000
read      392.7   220.4   160.7   200.5   217.3   362.6   434.8   477.9   509.6   549.1   604.9   687.6   844.6  1381.0  8311.9  70041.8    70000
read      404.5   230.1   160.7   206.0   224.2   375.3   450.1   492.3   523.2   560.6   612.8   694.4   860.6  1752.9  8713.4  75068.6    75000
read      398.8   226.3   160.7   206.3   224.5   372.6   445.0   484.2   512.4   548.2   597.1   679.5   832.0  1287.5  8245.9  80032.0    80000
read      395.6   210.2   148.8   207.6   226.2   370.2   440.6   479.5   507.5   542.9   589.6   667.2   807.0  1209.9  7960.5  84888.6    85000
read      402.1   216.6   148.8   212.7   233.0   378.3   445.8   483.8   510.9   546.0   592.2   667.5   816.9  1182.5  9083.0  90011.8    90000
read      579.0   421.1   148.8   259.4   310.0   514.7   593.2   687.4   781.8   878.8   957.6  1036.0  1151.9  2716.9 22874.4  94803.4    95000
read      664.9   379.0   148.8   392.2   428.9   564.2   731.5   853.4   915.0   967.4  1014.6  1075.2  1174.9  3501.1 16505.8  96568.8   100000
read      692.7   373.9   173.5   438.8   463.7   571.1   777.6   926.5   971.2  1009.6  1051.5  1094.6  1183.0  3646.8 15038.4  94430.0   105000
read      676.3   349.9   160.7   427.1   453.2   558.1   742.9   900.3   950.3   988.6  1029.6  1080.6  1173.5  2933.0 14704.4  96524.0   110000
Warning! Detected max cpu usage > 95%
CPU Usage Stats (avg/min/max): 90.03%,68.18%,100.00%
