#type       avg     std     min      p5     p10     p50     p67     p75     p80     p85     p90     p95     p99    p999   p9999     QPS   target
read     1359.7  1629.7   160.7   248.1   281.1   533.4  1996.2  2123.9  2205.6  2528.5  3519.5  3909.7  4106.8 24278.8 32562.7  29852.2    30000
read     1181.5  1527.4   160.7   253.9   288.5   525.7   795.1  2014.2  2111.1  2209.8  2681.3  3882.5  5186.2 22100.3 32500.0  35047.2    35000
read     1071.2  1524.3   160.7   255.3   289.4   495.5   653.4  1859.8  2041.6  2152.0  2327.2  3866.0  5197.1 21907.9 36436.0  40016.4    40000
read      972.3  1432.8   148.8   258.8   293.3   503.8   632.4   763.3  1834.9  2075.9  2226.9  3730.1  5017.5 20479.7 36044.0  44855.0    45000
read     1012.3  1689.8   160.7   276.3   316.0   522.1   652.2   767.5   880.9  2026.4  2263.5  4133.5  5738.6 28504.0 37577.7  49910.6    50000
read     1577.9  3224.8   187.4   413.3   448.6   627.4   898.8  1013.6  1094.7  3893.4  4639.5  5114.1  8524.0 36922.7 52079.6  49281.0    55000
read     1570.0  3283.6   173.5   411.2   445.5   601.7   886.3  1006.5  1081.9  3810.7  4648.8  5153.7  8617.4 37285.4 52554.0  50067.4    60000
read     1575.7  3202.9   173.5   415.1   451.2   621.1   899.8  1010.3  1085.0  3845.7  4655.1  5140.7  8639.4 36339.0 50156.8  49417.8    65000
read     1547.2  3189.7   187.4   402.3   437.8   607.6   873.4   990.5  1066.5  3780.3  4621.1  5116.0  8597.2 36695.7 49089.8  50513.4    70000
read     1563.4  3203.1   187.4   407.9   442.9   612.4   891.3   999.2  1074.7  3884.4  4639.4  5082.3  8606.5 36379.3 42042.2  50157.4    75000
read     1592.0  3347.8   187.4   421.7   452.0   595.8   907.5  1002.9  1071.2  3829.4  4656.8  5159.1  8782.6 36639.0 52541.2  49897.2    80000
read     1560.0  3216.8   173.5   417.2   449.4   592.3   890.6   994.2  1064.1  3763.9  4639.3  5124.7  8666.0 35623.3 40689.0  50228.0    85000
read     1617.3  3318.0   202.4   433.3   464.4   621.2   939.2  1035.3  1104.3  3971.7  4676.3  5166.0  8725.7 36973.4 51124.4  48670.8    90000
read     1623.9  3364.4   173.5   432.2   465.5   618.6   935.6  1043.9  1118.3  4021.7  4666.7  5115.7  8740.0 36981.8 53367.1  48696.4    95000
read     1654.0  3412.7   202.4   443.9   476.4   627.6   966.6  1066.8  1145.0  4142.1  4694.9  5159.2  8777.6 36830.5 57260.0  47867.8   100000
read     1613.8  3361.9   187.4   426.9   459.6   610.3   921.9  1029.8  1097.6  3914.1  4674.4  5169.2  9248.4 36915.5 52486.2  49106.3   105000
read     1627.8  3249.4   202.4   442.0   474.4   628.7   957.2  1058.5  1134.6  4121.4  4685.5  5145.5  8738.0 36516.6 47792.9  47976.4   110000
Warning! Detected max cpu usage > 95%
CPU Usage Stats (avg/min/max): 89.96%,70.10%,100.00%
