#type       avg     std     min      p5     p10     p50     p67     p75     p80     p85     p90     p95     p99    p999   p9999     QPS   target
read     1367.4  1704.4   160.7   251.8   286.2   550.1  1995.5  2124.7  2205.5  2442.7  3519.0  3915.8  4159.4 25689.2 35145.2  29864.2    30000
read     1208.0  1632.3   160.7   255.9   290.0   527.4   803.6  2020.7  2121.8  2240.4  2822.5  3907.5  5242.5 25408.5 32115.6  35031.0    35000
read     1061.0  1469.0   160.7   253.2   286.8   491.7   647.9  1898.4  2041.8  2151.7  2321.0  3808.2  5185.6 20142.1 31787.1  39863.8    40000
read      976.7  1455.3   160.7   261.0   297.1   505.4   631.7   753.8  1052.0  2076.7  2230.8  3752.5  5092.6 20422.3 32177.7  44932.2    45000
read      954.7  1528.7   160.7   265.5   301.8   499.3   617.3   717.5   852.8  2026.9  2218.0  3835.7  5113.3 25089.5 35476.6  50013.4    50000
read     1593.8  3279.5   173.5   416.1   450.2   619.8   911.7  1019.7  1091.3  3871.4  4665.3  5118.1  8706.1 36468.6 43168.0  49233.1    55000
read     1593.7  3252.2   202.4   422.4   456.9   628.9   912.6  1022.8  1094.9  3948.9  4667.7  5132.6  8633.5 37576.5 61029.9  48898.4    60000
read     1615.2  3260.2   173.5   424.4   458.9   636.3   927.5  1029.5  1099.5  3880.1  4681.1  5251.5  8702.1 36056.9 43869.2  48486.0    65000
read     1566.6  3210.4   187.4   412.7   445.8   616.1   895.8   993.4  1069.9  3966.7  4638.2  5045.3  8477.8 36817.3 46924.4  49906.6    70000
read     1533.7  3152.6   187.4   414.0   444.4   586.4   888.1   980.8  1046.9  3772.0  4631.3  5084.0  8546.5 37156.5 48993.1  50769.6    75000
read     1561.7  3239.7   187.4   407.1   441.6   611.3   885.7   995.0  1072.3  3929.5  4638.9  5067.6  8596.7 36941.8 53751.0  50312.4    80000
read     1536.0  3171.1   187.4   401.8   438.3   601.2   870.1   985.6  1064.2  3811.8  4628.8  5063.8  8518.8 36840.6 50468.2  50769.2    85000
read     1587.9  3153.5   173.5   416.5   452.3   633.1   914.9  1024.4  1098.0  4009.7  4664.3  5107.8  8628.1 36135.3 41970.4  48853.8    90000
read     1554.4  3144.1   187.4   417.0   449.3   604.5   898.2   997.7  1070.7  3881.8  4647.6  5088.4  8598.6 36761.1 45298.4  50070.4    95000
read     1586.8  3228.7   160.7   429.8   459.6   603.9   921.2  1022.5  1089.6  3913.7  4669.3  5125.0  8678.8 36825.4 43578.0  49462.4   100000
read     1576.3  3140.1   187.4   420.9   454.1   626.3   917.4  1016.6  1090.5  3952.9  4660.9  5125.8  8444.4 36325.7 47954.6  48959.2   105000
read     1526.6  3100.7   187.4   394.7   427.9   612.1   859.0   971.5  1057.3  3773.7  4616.6  5109.8  8326.0 36606.6 47100.1  50723.6   110000
Warning! Detected max cpu usage > 95%
CPU Usage Stats (avg/min/max): 89.92%,70.56%,100.00%
