#type       avg     std     min      p5     p10     p50     p67     p75     p80     p85     p90     p95     p99    p999   p9999     QPS   target
read     1346.5  1633.2   160.7   250.2   281.6   528.2  2012.8  2132.7  2209.1  2482.7  3434.8  3895.4  4070.0 24030.9 34237.1  30100.2    30000
read     1198.6  1518.7   160.7   253.9   287.2   511.9   872.6  2045.8  2135.8  2256.3  2890.1  3886.2  5053.7 21932.6 32217.6  34946.4    35000
read     1068.8  1472.9   160.7   256.7   290.9   496.4   656.0  1896.0  2047.2  2159.7  2336.3  3839.2  5219.0 20271.7 35155.6  39790.4    40000
read      977.8  1382.7   160.7   261.5   297.3   503.0   628.8   761.0  1900.4  2093.7  2248.4  3770.5  5080.5 17927.5 35575.0  44889.2    45000
read     1585.7  3197.8   187.4   423.8   456.7   631.0   922.3  1023.1  1100.1  3857.3  4646.9  5095.2  8557.6 36391.9 47686.0  48290.4    50000
read     1618.0  3314.2   173.5   431.1   461.5   624.0   938.1  1030.9  1097.9  3988.7  4675.1  5121.3  8723.9 36668.9 47955.7  48690.4    55000
read     1580.4  3248.0   173.5   417.7   452.4   614.9   907.6  1018.5  1089.9  3864.7  4656.3  5118.2  8656.0 37167.8 50599.5  49477.2    60000
read     1563.7  3264.6   187.4   414.6   446.4   595.0   891.3   989.3  1061.3  3796.9  4640.7  5108.7  8706.8 36717.8 50780.7  50435.6    65000
read     1594.5  3206.7   202.4   427.4   458.8   624.1   929.2  1028.4  1097.9  3991.8  4673.0  5113.3  8632.4 36149.8 43671.5  48807.4    70000
read     1550.1  3222.1   187.4   418.8   448.3   586.8   889.0   985.6  1052.8  3700.2  4638.1  5126.9  8666.4 36876.6 47133.3  50592.4    75000
read     1583.4  3198.6   187.4   421.0   454.5   616.7   915.6  1020.9  1089.8  3979.6  4665.6  5098.7  8584.2 36350.0 47921.7  49304.6    80000
read     1594.9  3264.9   173.5   416.5   450.6   623.3   909.6  1019.7  1094.4  3947.9  4660.6  5118.5  8671.2 36430.6 48854.7  49211.8    85000
read     1602.6  3209.0   173.5   421.3   456.8   637.4   924.6  1036.2  1115.0  4042.5  4664.0  5097.5  8595.4 35963.3 43673.3  48565.2    90000
read     1600.1  3270.3   202.4   415.5   450.6   635.2   912.3  1017.2  1094.4  3966.5  4660.5  5105.6  8662.7 37149.1 51773.3  49061.4    95000
read     1589.5  3262.9   173.5   410.2   446.0   631.1   897.1  1010.9  1090.0  3938.4  4658.3  5101.8  8627.3 36186.3 51028.8  49355.2   100000
read     1654.2  3343.1   173.5   437.9   473.7   650.5   954.4  1065.6  1150.5  4084.2  4693.5  5222.4  8738.4 37687.6 52408.7  47508.0   105000
read     1568.9  3286.3   187.4   417.5   449.9   594.1   895.8   998.8  1071.5  3838.4  4648.2  5100.5  8639.5 36804.8 54894.7  50197.2   110000
Warning! Detected max cpu usage > 95%
CPU Usage Stats (avg/min/max): 89.70%,67.69%,100.00%
