#type       avg     std     min      p5     p10     p50     p67     p75     p80     p85     p90     p95     p99    p999   p9999     QPS   target
read      419.0   216.7   160.7   210.7   230.8   385.6   463.5   513.3   552.7   602.6   657.7   725.7   845.1  1444.3  9489.4  30023.2    30000
read      425.4   222.6   160.7   211.1   232.3   396.2   470.0   517.1   555.0   603.8   662.4   733.9   858.1  1452.2  8923.8  35064.6    35000
read      415.2   244.1   160.7   209.3   230.5   388.0   458.7   501.5   536.0   580.1   635.1   700.6   809.5  2119.3  9395.1  39959.6    40000
read      419.9   231.0   160.7   208.6   229.6   395.0   466.8   509.2   543.8   589.2   647.1   719.9   847.6  1287.6  9421.7  44816.4    45000
read      398.6   246.5   160.7   203.6   220.5   363.7   431.9   475.3   511.3   559.7   629.0   715.4   844.5  1555.8 10666.1  49956.0    50000
read      401.3   241.0   160.7   201.6   219.2   370.7   442.2   485.0   518.6   562.8   626.7   713.4   853.8  1192.2  8886.2  54909.0    55000
read      392.7   231.9   148.8   198.7   215.3   365.4   435.4   477.0   508.7   549.3   608.9   689.5   825.3  1222.0  6977.6  60007.8    60000
read      394.4   223.4   148.8   200.1   217.3   369.7   440.9   480.7   510.0   546.7   598.2   676.6   802.1  1334.4  9098.7  65123.0    65000
read      392.7   203.3   148.8   200.9   217.4   362.1   434.0   477.7   510.1   549.5   607.3   701.3   853.6  1249.4  7541.4  69813.4    70000
read      399.7   248.5   148.8   203.9   221.3   366.1   439.6   485.2   518.1   558.0   616.0   708.8   866.0  1373.8  9545.0  75186.8    75000
read      394.1   216.9   148.8   204.4   221.9   364.2   433.9   475.0   505.6   543.8   597.6   688.1   844.2  1538.8  8141.1  79963.4    80000
read      396.7   230.9   148.8   208.0   226.8   370.8   440.2   479.3   507.6   542.8   589.7   668.5   812.2  1119.4  9659.5  84940.6    85000
read      386.7   203.1   148.8   207.0   225.4   363.1   425.9   462.8   491.2   525.7   573.1   651.0   798.4  1081.9  7739.8  89897.8    90000
read      407.7   206.3   160.7   216.8   238.8   384.3   448.2   486.9   515.8   551.2   602.0   677.4   818.4  1097.6  8591.9  95047.0    95000
read      650.2   343.3   160.7   382.3   419.1   552.2   723.2   840.1   896.6   946.6   993.1  1052.5  1149.3  1924.7 14813.0  97161.3   100000
read      678.0   371.8   148.8   422.9   449.0   557.7   791.4   902.1   945.4   981.6  1017.8  1072.7  1165.6  3574.8 16273.4  95935.8   105000
read      677.4   330.0   148.8   433.8   457.4   559.9   706.1   907.1   960.3   998.6  1040.0  1084.8  1173.7  2974.7 12727.1  96255.3   110000
Warning! Detected max cpu usage > 95%
CPU Usage Stats (avg/min/max): 90.28%,70.50%,100.00%
