#type       avg     std     min      p5     p10     p50     p67     p75     p80     p85     p90     p95     p99    p999   p9999     QPS   target
read      411.8   265.8   160.7   209.3   230.7   384.5   454.8   498.9   532.4   572.2   619.5   676.0   773.5  3664.3 11183.7  30005.4    30000
read      420.8   233.3   160.7   210.7   233.1   395.0   465.3   509.2   544.0   587.8   640.1   706.2   833.0  1589.7  9797.5  34797.8    35000
read      417.3   269.7   160.7   209.9   230.0   383.3   455.9   500.8   538.0   587.8   651.6   731.9   857.4  1815.0 11950.2  40040.0    40000
read      405.2   232.0   160.7   203.9   222.9   380.1   448.9   489.7   522.3   564.8   622.3   693.7   809.4  1423.6  8750.2  44982.6    45000
read      396.5   238.7   160.7   201.0   217.9   362.4   431.1   475.0   511.7   559.0   625.2   706.0   833.6  2414.3  9044.5  49831.4    50000
read      396.3   194.1   148.8   200.9   217.7   365.6   436.1   480.2   515.1   561.5   626.0   713.3   848.7  1151.1  5341.3  54826.6    55000
read      392.2   218.3   160.7   199.4   216.4   364.8   434.3   474.3   506.3   546.6   605.0   687.6   815.8  1340.3  8463.8  60011.4    60000
read      388.5   297.9   148.8   198.2   214.4   359.3   426.6   465.1   496.4   536.9   592.7   678.2   807.9  1919.3 12468.7  64934.6    65000
read      400.7   259.2   148.8   202.7   219.8   370.0   446.3   490.0   522.1   560.8   614.2   697.1   853.2  1270.2  8743.9  69852.2    70000
read      388.1   235.4   148.8   202.0   219.2   361.1   431.9   472.4   503.0   540.0   587.4   662.1   795.7  1079.7  9921.0  75113.2    75000
read      386.2   213.9   148.8   202.7   219.2   358.1   425.8   466.2   496.5   532.2   581.1   671.5   828.3  1368.1  8139.9  79983.0    80000
read      404.8   210.5   148.8   211.3   231.3   380.6   449.8   488.5   516.8   551.3   601.0   682.6   838.7  1262.7  8287.7  85087.2    85000
read      423.1   212.5   148.8   219.6   243.2   400.3   471.9   511.2   542.0   579.7   627.6   696.0   833.5  1137.2  8199.6  90144.2    90000
read      688.2   362.6   160.7   419.8   451.1   576.2   763.8   904.5   959.3  1003.6  1050.1  1097.8  1187.1  3413.6 14604.5  92253.7    95000
read      641.3   325.1   160.7   386.5   417.3   540.6   735.3   835.9   883.7   925.5   970.4  1017.6  1100.0  1978.5 13149.4  97931.4   100000
read      660.3   314.3   160.7   414.8   443.2   546.5   714.7   879.6   929.0   970.1  1007.9  1062.5  1154.8  2784.7 10933.2  97852.2   105000
read      674.0   346.5   148.8   426.1   452.0   553.5   731.8   898.5   949.4   987.2  1027.3  1078.7  1172.2  3637.6 12566.2  97001.0   110000
Warning! Detected max cpu usage > 95%
CPU Usage Stats (avg/min/max): 89.95%,70.85%,100.00%
