#type       avg     std     min      p5     p10     p50     p67     p75     p80     p85     p90     p95     p99    p999   p9999     QPS   target
read      414.7   286.0   160.7   205.5   224.8   378.2   454.2   502.5   539.6   583.3   634.8   702.6   837.4  4271.7 11667.6  29974.0    30000
read      402.0   231.4   160.7   206.3   224.9   369.0   440.3   486.5   523.1   569.3   626.8   691.3   801.3  1879.3  9628.7  35152.0    35000
read      423.8   246.4   160.7   207.9   228.8   396.4   470.2   514.4   548.7   593.9   652.1   729.7   865.2  1893.2  8963.7  40026.9    40000
read      415.3   264.3   160.7   208.6   229.4   393.1   462.1   502.4   534.1   574.6   627.8   695.6   807.6  1320.6 11193.6  44913.2    45000
read      400.7   207.1   160.7   203.0   220.8   375.2   444.0   485.4   517.3   558.5   620.3   696.8   810.2  1205.8  7789.3  49925.2    50000
read      401.1   190.6   148.8   199.4   216.9   375.8   450.0   493.1   526.4   568.4   625.1   700.8   837.1  1164.0  6101.8  55024.4    55000
read      385.1   217.9   148.8   196.6   212.8   358.5   425.0   464.3   495.7   535.6   591.6   676.3   795.5  1654.0  8414.6  59769.6    60000
read      386.9   208.2   148.8   197.4   213.5   362.5   432.2   471.3   501.7   539.8   591.6   673.6   795.4  1032.8  8449.0  65059.2    65000
read      381.1   219.4   148.8   197.4   212.9   351.8   419.3   459.8   491.2   529.9   583.9   677.7   819.1  1314.9  8918.2  69817.0    70000
read      392.9   219.2   148.8   201.1   219.1   368.0   441.6   481.4   509.6   546.0   593.6   668.5   795.0  1244.4  9621.8  74959.8    75000
read      394.4   207.7   160.7   204.4   222.0   365.7   435.2   476.4   507.5   545.0   597.0   688.2   844.0  1335.2  8216.2  79871.4    80000
read      395.8   205.6   148.8   207.3   225.6   370.5   437.8   476.9   505.4   540.7   589.7   677.0   830.5  1165.8  8239.9  84762.2    85000
read      395.9   190.3   160.7   210.7   230.6   376.6   441.9   477.6   504.0   537.2   581.4   648.2   783.2  1081.2  6158.7  90109.2    90000
read      437.0   248.2   160.7   219.5   244.5   405.4   476.0   521.9   557.7   604.8   668.5   758.5   914.5  1214.4  9392.3  94863.1    95000
read      654.9   339.4   160.7   386.3   423.2   549.7   746.3   857.1   906.2   951.3   996.0  1055.0  1155.7  3132.5 12673.4  96215.3   100000
read      664.7   318.9   160.7   394.5   427.2   569.1   738.8   848.3   908.3   966.6  1023.9  1084.1  1180.0  2558.6 11036.1  97812.2   105000
read      614.5   324.9   160.7   336.6   375.1   545.0   652.3   735.8   800.9   888.9   968.5  1041.6  1149.8  3025.5 11919.0 102452.4   110000
Warning! Detected max cpu usage > 95%
CPU Usage Stats (avg/min/max): 90.58%,64.50%,100.00%
