#type       avg     std     min      p5     p10     p50     p67     p75     p80     p85     p90     p95     p99    p999   p9999     QPS   target
read      432.3   455.3   148.8   205.3   222.4   388.6   478.1   531.9   568.3   607.9   652.8   715.0   875.3  4318.7 15098.3  29944.8    30000
read      431.8   511.4   160.7   204.5   220.3   375.3   463.1   518.8   560.7   608.2   665.7   737.3   932.5  4479.9 29538.3  35102.6    35000
read      424.8   482.7   160.7   204.3   220.8   370.9   456.3   507.5   546.9   593.4   651.0   726.4   893.7  5097.7 27912.4  39798.0    40000
read      433.7   462.5   160.7   205.4   222.7   390.2   470.3   518.2   555.5   601.5   661.4   741.4   904.9  5522.8 24209.0  45050.2    45000
read      442.0   496.5   160.7   205.9   224.1   390.2   472.5   521.0   555.8   599.3   658.9   741.7   983.4  6101.9 28206.3  49958.0    50000
read      432.8   451.5   160.7   206.1   223.3   387.8   468.6   515.3   549.6   594.5   659.8   753.8   939.5  4739.3 26791.8  55057.8    55000
read      431.6   474.9   148.8   205.1   222.2   380.4   461.2   507.4   542.7   587.0   647.0   742.0   960.5  6058.6 19742.5  59953.6    60000
read      427.9   505.7   160.7   203.9   220.3   376.8   457.8   503.0   537.1   579.5   638.2   739.6   973.8  6118.3 29081.7  64969.6    65000
read      432.0   427.4   148.8   205.7   223.8   387.8   467.8   513.5   547.4   590.4   649.2   746.6   970.2  5238.4 18274.4  70004.2    70000
read      418.1   352.0   148.8   206.4   224.0   375.1   456.8   503.4   537.5   579.2   635.1   728.0   918.5  4218.2 11778.3  74898.6    75000
read      422.0   402.4   148.8   205.1   223.1   377.2   453.1   496.3   529.4   570.6   627.7   725.8   961.4  5058.2 12913.7  80031.4    80000
read      441.9   462.8   148.8   209.5   230.0   395.1   471.9   515.7   547.7   589.7   649.3   750.9  1014.5  6508.7 19988.8  84670.4    85000
read      432.4   356.5   148.8   213.3   235.7   396.9   468.7   510.5   543.2   585.2   641.4   737.0   934.5  3752.9 10155.5  90053.0    90000
read      560.7   414.0   148.8   242.2   288.0   498.7   572.6   644.2   738.6   850.1   940.7  1023.2  1165.7  4465.5 13800.4  94301.9    95000
read      508.1   438.1   160.7   231.2   266.6   453.8   532.2   588.6   644.1   717.1   811.8   941.9  1096.4  4679.9 16335.7  99395.8   100000
read      709.5   599.2   160.7   421.4   452.3   577.5   770.7   907.4   965.8  1015.3  1062.5  1120.5  1266.7  8068.2 30581.6  92895.6   105000
read      672.9   421.9   148.8   401.0   428.5   563.9   759.4   861.8   912.3   963.5  1018.2  1086.3  1203.5  4578.0 17076.4  97134.2   110000
Warning! Detected max cpu usage > 95%
CPU Usage Stats (avg/min/max): 89.89%,72.08%,100.00%
