#type       avg     std     min      p5     p10     p50     p67     p75     p80     p85     p90     p95     p99    p999   p9999     QPS   target
read      444.3   538.2   148.8   204.7   222.3   390.5   485.9   540.0   578.7   618.4   661.8   721.8   925.8  6354.9 27893.0  29953.2    30000
read      431.7   570.1   148.8   203.1   217.8   358.4   451.0   507.7   550.6   599.9   656.2   729.1   973.5  7033.5 30413.1  35030.6    35000
read      424.9   399.8   160.7   206.8   223.3   374.9   458.8   510.2   550.6   600.1   661.4   739.8   902.7  4420.3 11063.3  40265.2    40000
read      422.0   364.4   160.7   207.2   224.5   379.8   459.0   508.2   545.9   591.1   651.4   735.2   889.7  3809.3 10214.6  45009.8    45000
read      431.1   422.7   160.7   208.5   225.9   387.6   466.1   512.3   549.0   594.1   661.2   752.1   922.7  4449.5 20581.5  49895.4    50000
read      433.9   511.1   148.8   206.2   223.6   382.4   463.2   509.2   545.3   589.5   652.5   745.3   931.2  6999.7 30161.0  54970.2    55000
read      411.0   366.9   160.7   202.9   218.9   369.3   446.5   492.8   528.3   571.7   630.4   723.0   887.3  4335.2 14516.5  59966.0    60000
read      445.9   491.9   148.8   205.9   224.7   402.1   487.4   532.8   566.4   608.0   665.6   756.6  1003.1  6178.7 28687.8  64957.0    65000
read      455.7   411.8   148.8   208.4   228.3   408.9   496.2   544.5   582.7   630.9   693.1   798.2  1267.0  4858.3 15513.8  70041.8    70000
read      414.0   428.1   148.8   203.1   219.7   370.4   446.5   491.2   524.2   564.7   621.1   713.0   915.6  5286.7 18633.4  74979.2    75000
read      421.0   391.0   148.8   206.9   225.5   382.2   456.5   499.3   531.8   571.6   625.9   716.5   921.2  5092.1 15245.8  79899.6    80000
read      441.5   424.0   148.8   212.1   233.0   399.1   472.5   513.6   545.9   588.9   652.1   763.8  1014.8  5623.9 13568.4  85158.4    85000
read      413.6   331.4   148.8   208.5   227.8   377.7   446.5   487.0   517.4   555.3   611.5   705.2   914.0  4528.8 10411.1  89687.0    90000
read      404.7   421.2   148.8   207.3   226.0   367.5   429.9   467.2   497.1   535.2   587.8   674.4   859.3  5247.4 19061.4  95116.6    95000
read      451.3   451.1   148.8   214.9   238.7   402.8   474.0   515.5   548.5   599.5   682.8   832.7  1031.6  5311.4 19036.5  99844.8   100000
read      620.4   476.8   148.8   347.8   376.4   561.5   715.5   765.8   797.5   835.7   880.1   955.0  1122.0  5153.1 18168.8 102602.8   105000
read      591.7   290.7   160.7   341.9   368.3   528.2   709.0   757.2   787.1   818.5   854.1   905.7  1007.5  2954.3 10981.7 106677.2   110000
Warning! Detected max cpu usage > 95%
CPU Usage Stats (avg/min/max): 90.16%,69.50%,100.00%
