#type       avg     std     min      p5     p10     p50     p67     p75     p80     p85     p90     p95     p99    p999   p9999     QPS   target
read      435.1   487.9   160.7   204.9   220.6   378.8   474.4   530.1   568.2   610.2   658.2   721.6   867.1  6230.8 24222.0  30018.8    30000
read      447.0   665.3   160.7   204.5   220.1   375.1   465.4   519.7   560.1   605.6   661.2   738.4  1133.1  7580.1 31407.7  35025.6    35000
read      427.1   431.6   160.7   204.6   220.9   374.7   458.6   509.5   549.6   598.1   659.0   738.2   896.9  6016.4 14487.2  40071.2    40000
read      430.8   454.9   148.8   204.8   221.0   379.8   462.6   513.6   553.3   602.3   668.4   753.4   929.5  5110.0 16585.5  45031.0    45000
read      447.6   491.8   160.7   207.2   225.1   402.4   483.6   529.4   564.5   609.7   672.5   766.6   974.0  6066.0 18969.8  50033.2    50000
read      431.4   432.6   148.8   203.5   220.3   388.6   468.0   513.1   549.0   594.0   656.5   743.9   940.9  5391.8 16000.9  54916.0    55000
read      420.7   408.2   148.8   203.8   220.5   381.4   460.8   505.0   539.0   581.5   640.3   734.1   926.9  4444.8 14672.6  60109.4    60000
read      429.2   373.6   160.7   205.6   222.7   386.4   471.0   517.8   551.2   593.1   653.0   748.3   957.8  4047.4 12817.4  65087.2    65000
read      437.7   575.1   148.8   204.7   221.9   381.4   464.4   510.4   545.5   587.9   647.2   747.9  1002.8  6390.9 30716.5  70010.6    70000
read      426.3   475.8   148.8   204.2   221.8   380.2   458.6   502.5   535.6   577.1   633.9   728.6   954.7  5714.8 22334.0  74878.6    75000
read      417.6   423.7   148.8   205.6   223.2   374.9   449.8   494.5   527.6   567.8   624.3   720.5   919.2  5571.8 11312.5  79839.0    80000
read      441.7   430.6   148.8   209.6   231.0   396.6   470.9   513.8   547.0   591.4   653.7   753.1  1007.3  5569.4 17107.4  84854.6    85000
read      424.6   437.4   148.8   208.5   229.0   385.2   455.1   495.8   527.2   566.8   621.8   712.4   928.2  5411.4 18541.9  89718.8    90000
read      525.1   418.2   148.8   247.8   289.0   470.3   546.8   611.5   668.6   736.3   821.9   929.3  1087.1  4854.1 16443.7  94933.4    95000
read      524.0   361.6   160.7   238.8   277.9   473.2   542.3   598.6   664.5   750.3   869.6   972.6  1095.2  4241.8 12604.0  99821.0   100000
read      648.6   443.5   148.8   364.7   395.3   563.3   725.7   796.4   846.7   905.6   973.1  1052.0  1182.3  5509.5 15801.9  99543.8   105000
read      624.1   469.8   160.7   359.3   387.7   534.0   713.3   781.8   822.0   860.4   908.7   978.4  1117.9  5936.6 17351.2 103051.6   110000
Warning! Detected max cpu usage > 95%
CPU Usage Stats (avg/min/max): 89.89%,70.85%,100.00%
