#type       avg     std     min      p5     p10     p50     p67     p75     p80     p85     p90     p95     p99    p999   p9999     QPS   target
read      433.0   542.2   148.8   203.9   219.8   375.0   464.1   517.4   556.6   601.7   654.3   723.3   921.7  4844.9 27894.5  29944.8    30000
read      424.2   402.5   160.7   203.9   220.0   376.8   462.6   515.8   555.4   603.7   661.9   737.3   870.4  4614.3 12622.8  34899.7    35000
read      421.6   486.3   148.8   203.8   219.0   367.4   450.1   502.5   543.6   593.2   656.3   735.6   875.8  5261.1 30118.6  39949.6    40000
read      435.0   491.3   160.7   203.7   220.0   386.1   466.3   514.9   552.7   598.4   661.9   749.2   936.7  5959.3 28956.8  45038.4    45000
read      431.0   378.4   148.8   204.8   222.3   393.1   472.6   519.5   554.0   599.5   660.0   747.0   931.9  4592.3 10935.0  50021.6    50000
read      429.9   595.8   148.8   203.7   219.9   371.5   449.1   497.2   535.3   584.3   651.8   747.8   941.9  6183.8 31548.3  54962.2    55000
read      423.2   452.9   148.8   203.5   219.5   372.8   452.6   499.7   535.6   580.2   644.1   746.7   933.0  5764.4 20182.5  60063.6    60000
read      439.5   426.8   148.8   204.4   223.0   398.7   482.6   528.4   562.5   604.9   661.3   749.2   976.5  5608.8 13022.5  64968.0    65000
read      421.7   365.2   148.8   204.0   221.6   380.3   460.5   506.3   540.4   582.9   638.5   728.8   910.4  5496.2  9456.1  69905.4    70000
read      419.9   438.1   148.8   204.3   221.5   374.5   454.6   500.0   533.3   573.9   630.0   726.5   921.6  5972.6 17070.2  75083.2    75000
read      405.0   406.2   148.8   201.7   217.9   363.1   437.8   481.8   514.0   552.4   606.8   696.0   890.1  4343.4 20505.4  79918.2    80000
read      411.5   331.6   148.8   204.7   222.9   374.3   446.5   488.0   518.4   556.7   612.1   705.5   934.7  4343.8 10782.8  84832.2    85000
read      430.9   461.0   148.8   206.6   226.2   383.1   456.1   498.8   532.1   575.9   640.0   749.7  1018.8  5622.4 21031.0  90041.6    90000
read      481.1   444.4   148.8   223.4   253.4   433.0   505.4   550.1   592.6   652.3   743.3   886.3  1075.1  4687.9 18601.6  95069.8    95000
read      527.0   374.5   148.8   238.1   280.0   470.1   545.7   622.3   689.8   770.3   856.7   943.3  1083.2  4489.5 12751.6  99613.2   100000
read      632.6   439.8   160.7   356.8   386.2   545.3   731.8   793.3   831.2   869.9   921.1   993.7  1157.1  5531.6 15988.9 100801.2   105000
read      674.1   410.3   160.7   405.3   437.6   559.3   733.6   866.0   924.9   974.8  1021.8  1081.6  1211.0  4873.3 16009.3  96928.1   110000
Warning! Detected max cpu usage > 95%
CPU Usage Stats (avg/min/max): 89.90%,65.66%,100.00%
