#type       avg     std     min      p5     p10     p50     p67     p75     p80     p85     p90     p95     p99    p999   p9999     QPS   target
read      425.0   471.5   160.7   200.7   215.5   368.5   467.4   523.5   562.0   604.1   650.9   714.2   880.1  5858.1 24881.7  29920.0    30000
read      436.3   518.7   160.7   205.3   222.8   385.5   471.9   527.0   567.7   614.7   667.1   734.9   888.3  5573.8 29311.1  34811.6    35000
read      431.1   517.1   148.8   203.9   220.2   375.8   460.3   513.2   552.8   600.4   658.3   736.1   929.3  5098.0 30520.3  39962.8    40000
read      441.8   562.5   148.8   204.9   221.8   385.4   467.2   516.4   555.6   605.8   671.5   759.6   988.3  7762.4 30298.8  44948.1    45000
read      433.1   364.5   148.8   207.7   225.1   389.4   469.1   516.0   553.0   602.1   669.6   766.0   936.1  4569.5 10144.2  50004.8    50000
read      425.4   420.3   148.8   204.9   221.6   380.6   459.8   506.1   541.6   586.2   650.9   748.7   929.7  4604.2 16512.5  54883.2    55000
read      432.6   510.7   148.8   203.6   220.2   381.5   463.9   509.7   545.8   590.1   651.1   746.4   962.3  5789.8 30611.9  59687.8    60000
read      417.0   367.2   148.8   202.7   219.2   373.3   453.8   499.9   534.4   576.1   631.7   727.8   923.9  4692.0 14067.1  64942.2    65000
read      435.6   435.5   148.8   206.6   225.6   393.1   476.7   522.2   554.8   595.4   652.1   740.7   962.9  6219.2 15329.6  69803.9    70000
read      417.4   360.1   148.8   206.1   224.3   381.2   458.0   501.1   534.1   574.3   628.5   719.5   900.9  3855.8 11854.4  74945.4    75000
read      423.1   365.0   148.8   206.9   226.5   387.0   462.1   503.8   535.4   574.2   628.2   722.2   942.1  4363.1 12817.5  79849.0    80000
read      447.8   459.4   148.8   212.2   234.5   405.1   478.8   521.3   553.9   598.1   665.4   782.5  1035.9  5465.8 18349.5  84893.6    85000
read      508.4   521.3   148.8   227.8   260.0   452.4   529.0   579.3   625.5   691.6   794.3   935.7  1144.3  6214.7 28367.6  89933.6    90000
read      592.7   461.7   160.7   257.0   315.0   508.8   593.6   735.1   826.5   894.7   955.1  1019.0  1169.8  5283.1 16260.7  94189.6    95000
read      608.0   409.0   148.8   303.7   354.2   532.4   657.9   753.0   811.8   874.8   944.6  1025.0  1167.7  5033.1 12862.0  98026.4   100000
read      456.5   346.9   148.8   227.5   256.5   414.4   492.1   538.0   572.9   615.9   673.9   773.8  1021.4  4165.6 12866.1 105246.0   105000
read      638.1   434.5   148.8   364.7   391.6   544.5   763.8   813.8   843.3   872.7   913.7   969.0  1095.2  5746.4 16135.8 101569.8   110000
Warning! Detected max cpu usage > 95%
CPU Usage Stats (avg/min/max): 89.83%,74.87%,100.00%
