#type       avg     std     min      p5     p10     p50     p67     p75     p80     p85     p90     p95     p99    p999   p9999     QPS   target
read      441.8   636.3   160.7   206.8   224.0   390.3   477.4   528.8   565.9   607.9   658.2   729.4   902.7  6236.8 31723.9  29931.0    30000
read      441.1   493.7   160.7   205.5   221.7   385.6   476.3   530.9   570.6   616.3   671.7   744.7   956.5  6021.2 19797.9  34919.4    35000
read      426.0   430.5   148.8   203.6   218.8   371.3   456.2   507.0   546.9   595.5   655.5   733.6   930.0  5866.2 12922.2  39962.8    40000
read      445.1   596.7   160.7   207.4   224.1   384.3   466.6   517.1   557.0   608.3   675.5   763.9   956.7  7682.7 31123.0  45121.8    45000
read      437.1   421.2   148.8   209.0   226.9   393.6   475.0   521.9   557.7   603.0   665.5   755.4   931.4  5552.6 12723.5  50010.6    50000
read      435.2   483.9   148.8   206.3   223.3   377.4   456.3   505.0   543.0   590.6   657.6   755.6  1024.3  5857.5 19419.1  55091.8    55000
read      425.9   380.0   148.8   204.7   221.6   382.1   463.0   508.5   543.0   585.8   647.3   747.9   940.9  4578.4 12899.6  60067.8    60000
read      426.4   359.0   148.8   205.1   222.6   385.8   467.7   513.3   546.9   588.7   644.7   736.2   933.8  4932.4 12147.2  64887.2    65000
read      450.5   496.8   148.8   207.1   226.9   404.5   485.6   529.9   562.8   605.5   665.8   765.1  1036.3  6367.2 20513.5  69956.7    70000
read      418.2   394.8   148.8   205.1   222.8   376.0   455.1   500.6   534.1   574.6   628.8   718.9   912.7  4375.9 16654.6  75046.8    75000
read      420.7   305.5   148.8   207.8   226.9   383.6   459.6   504.4   538.3   579.7   634.8   728.2   931.8  3817.2  9558.4  79829.0    80000
read      433.9   425.1   160.7   209.3   230.3   393.7   467.3   509.0   541.6   582.1   636.9   735.2   992.9  5436.3 17399.2  85061.0    85000
read      399.9   411.6   148.8   203.4   220.7   359.7   424.3   464.1   495.4   533.8   585.3   671.6   855.1  5842.0 15261.6  90043.0    90000
read      561.7   563.7   160.7   237.0   280.7   495.0   564.8   624.8   698.4   823.1   937.3  1029.2  1181.8  6742.0 29216.4  93697.0    95000
read      641.4   485.1   160.7   336.3   380.3   554.6   716.1   793.1   844.0   901.0   966.9  1049.9  1187.1  6579.3 19510.4  97086.1   100000
read      562.8   490.9   160.7   280.9   323.8   499.9   583.4   653.0   709.7   780.7   870.0   966.1  1099.0  7091.7 16248.5 104792.6   105000
read      673.5   460.1   160.7   396.7   425.5   566.0   744.6   849.5   904.7   960.5  1021.3  1087.6  1215.0  5628.6 17071.9  96912.7   110000
Warning! Detected max cpu usage > 95%
CPU Usage Stats (avg/min/max): 89.89%,65.17%,100.00%
