#type       avg     std     min      p5     p10     p50     p67     p75     p80     p85     p90     p95     p99    p999   p9999     QPS   target
read      412.5   219.3   160.7   210.5   230.9   381.8   458.9   507.2   544.6   586.0   633.1   692.1   815.4  1985.1  5866.7  30091.8    30000
read      411.8   206.6   160.7   208.2   228.8   385.4   456.6   501.8   537.3   579.2   629.3   692.4   814.9  1689.2  7241.8  35164.6    35000
read      411.6   229.1   160.7   208.4   228.1   381.8   453.6   498.6   534.7   578.9   632.0   703.4   842.1  2050.8  9058.3  39903.0    40000
read      418.9   221.8   160.7   208.7   229.0   394.0   467.1   509.5   543.1   585.0   638.1   706.0   841.0  2499.8  8544.7  45017.0    45000
read      398.5   224.2   148.8   203.7   221.4   372.2   440.3   481.0   513.0   556.1   611.6   682.0   795.7  1725.6  7849.2  50273.5    50000
read      394.1   208.9   148.8   202.8   219.8   364.1   432.4   473.5   507.4   551.8   611.2   692.6   827.4  1487.7  8110.6  54948.2    55000
read      393.4   428.7   148.8   200.2   217.3   370.1   440.6   480.8   510.9   548.8   600.9   673.0   786.6  1097.2  7398.3  59955.4    60000
read      393.0   219.1   148.8   200.5   216.9   363.5   437.1   479.5   510.6   549.4   605.4   689.4   844.6  1230.1  9896.9  64937.6    65000
read      390.2   404.1   148.8   198.8   215.3   362.4   435.6   476.9   507.7   545.3   594.1   673.9   816.0  1239.2  6316.7  70037.2    70000
read      383.2   215.8   148.8   198.5   214.8   355.1   425.6   466.0   496.6   533.7   581.9   659.1   802.4  1306.0  9414.7  74913.8    75000
read      384.3   227.5   148.8   199.5   216.3   357.8   427.1   466.6   496.0   530.9   576.8   651.7   798.5  1381.6  8788.3  80067.6    80000
read      383.5   187.4   148.8   201.3   218.6   360.2   426.6   465.2   493.6   527.3   572.6   646.5   796.1  1152.3  7679.0  85002.2    85000
read      399.2   255.6   148.8   207.6   227.4   374.8   443.0   481.9   509.6   544.0   588.6   659.2   797.3  1227.1 12291.1  89917.8    90000
read      655.8   336.6   160.7   388.9   421.6   554.7   757.2   851.4   898.6   942.0   987.6  1045.0  1146.7  2677.9 12996.5  93812.8    95000
read      676.6   347.7   160.7   394.6   429.9   578.3   766.6   868.4   925.0   977.7  1030.1  1087.9  1183.5  2896.8 12669.8  94517.4   100000
read      684.0   352.1   160.7   434.3   458.6   564.2   768.9   912.5   960.5   998.6  1040.5  1086.9  1176.3  2732.2 12959.0  95163.8   105000
read      675.8   349.5   160.7   407.5   442.0   564.6   766.6   891.8   945.6   984.8  1025.9  1079.5  1174.2  2449.8 13930.1  96330.4   110000
Warning! Detected max cpu usage > 95%
CPU Usage Stats (avg/min/max): 89.89%,68.02%,100.00%
