#type       avg     std     min      p5     p10     p50     p67     p75     p80     p85     p90     p95     p99    p999   p9999     QPS   target
read      408.0   235.3   160.7   210.3   230.0   378.0   450.3   495.4   530.2   571.3   619.6   683.3   804.8  2109.7 10953.3  30046.4    30000
read      400.4   203.3   160.7   208.0   226.8   370.5   440.5   484.7   520.3   565.1   616.7   682.8   808.4  1480.4  7962.0  35053.8    35000
read      406.5   241.5   160.7   206.9   225.8   378.3   449.5   492.4   526.6   569.3   623.1   690.3   814.9  2082.1  7837.1  40022.6    40000
read      416.4   244.4   160.7   206.5   225.4   390.2   463.2   506.1   539.5   581.5   636.6   717.3   864.0  2233.9  9423.8  44991.2    45000
read      402.5   230.2   148.8   202.5   219.8   379.9   450.0   491.0   522.5   562.1   615.4   685.4   814.5  1409.0  9122.5  50220.2    50000
read      393.1   202.1   148.8   200.0   216.5   364.6   434.7   476.5   509.2   552.5   611.3   690.3   831.9  1286.9  5679.6  54836.0    55000
read      396.5   305.2   160.7   199.1   215.6   367.3   438.5   479.8   510.2   548.8   603.5   684.4   832.2  2316.9  9517.5  59936.4    60000
read      388.6   233.8   148.8   199.4   215.4   359.9   431.8   472.1   503.5   541.7   592.6   676.7   820.9  1475.3  9760.0  64981.8    65000
read      405.0   212.7   148.8   201.4   219.3   379.2   458.5   501.0   531.9   568.9   619.1   696.6   861.1  1168.8  8796.5  69875.6    70000
read      384.6   205.8   148.8   197.6   214.0   357.8   428.0   467.1   497.2   534.2   585.0   666.9   806.9  1252.8  7986.1  75076.2    75000
read      392.2   238.0   148.8   200.3   217.7   367.3   438.0   477.5   506.3   541.2   588.1   665.2   815.8  1398.4  8711.3  79940.6    80000
read      402.6   222.8   148.8   206.4   225.7   380.0   449.2   488.0   516.7   550.3   596.0   671.5   825.1  1378.7  9006.0  85091.8    85000
read      389.1   177.2   148.8   205.4   224.0   367.7   432.3   468.8   496.8   531.0   577.9   651.6   792.2  1166.4  5774.8  90060.8    90000
read      379.2   224.1   148.8   203.9   221.6   356.9   414.7   449.6   476.0   509.3   555.7   631.0   772.4  1190.8  9914.8  94906.6    95000
read      683.0   340.3   160.7   408.2   440.0   580.1   788.6   882.8   933.6   983.0  1034.5  1092.0  1184.3  2170.1 14999.2  94236.0   100000
read      641.2   333.6   160.7   394.3   423.4   536.3   730.6   838.8   886.7   927.0   970.7  1016.8  1098.8  1930.9 13137.3  99997.2   105000
read      657.3   319.5   160.7   415.8   442.7   542.3   735.9   878.6   922.1   962.3   999.3  1052.2  1142.3  1937.9 12358.2  98822.0   110000
Warning! Detected max cpu usage > 95%
CPU Usage Stats (avg/min/max): 89.71%,67.84%,100.00%
