#type       avg     std     min      p5     p10     p50     p67     p75     p80     p85     p90     p95     p99    p999   p9999     QPS   target
read      411.1   231.3   160.7   210.3   230.0   379.3   457.1   504.9   541.4   581.8   627.9   687.6   804.1  2969.3  6848.1  30011.2    30000
read      412.4   258.3   160.7   209.3   229.1   379.0   455.0   502.1   539.7   583.9   635.9   705.1   821.8  1526.0 13051.2  35117.2    35000
read      414.5   210.5   160.7   212.5   233.1   384.2   455.8   501.9   538.5   583.3   637.6   709.5   833.3  1743.5  8358.4  39959.4    40000
read      430.9   265.1   160.7   210.2   229.5   397.2   476.5   525.5   563.7   612.0   674.1   758.7   917.3  2156.9 11120.9  45031.8    45000
read      419.2   239.1   160.7   207.1   226.2   391.6   466.0   508.2   542.5   585.6   643.4   733.0   870.0  1880.6 10052.9  50215.4    50000
read      409.5   217.0   148.8   204.4   222.4   382.1   457.1   499.0   531.9   573.7   631.1   717.1   863.2  1519.1  8473.6  54754.6    55000
read      393.1   228.2   148.8   199.2   215.5   364.4   435.2   475.8   507.2   547.1   602.4   686.3   840.6  2089.4  7787.0  60019.6    60000
read      394.5   301.7   148.8   198.4   215.2   368.0   442.4   482.8   511.7   548.8   598.6   678.2   819.7  1349.4 11995.8  65078.2    65000
read      385.5   227.6   148.8   197.7   213.9   357.9   430.4   470.7   501.0   536.9   585.1   666.7   810.4  1217.7 10022.4  69821.8    70000
read      399.8   241.6   148.8   201.0   218.7   371.7   449.5   491.8   522.1   557.5   606.0   683.1   837.5  1257.9  9572.5  74960.4    75000
read      396.6   225.2   148.8   201.6   219.4   370.2   442.8   484.0   513.2   547.7   595.8   678.6   841.1  1279.1  9352.6  80009.4    80000
read      399.7   234.5   148.8   204.1   222.6   376.6   447.6   485.2   511.7   546.5   592.7   670.5   824.0  1264.2 10073.1  84843.0    85000
read      398.3   207.5   148.8   209.4   228.8   377.1   443.4   480.1   507.2   540.9   586.0   661.5   805.9  1091.6  7896.9  90017.6    90000
read      414.0   227.4   148.8   212.5   235.8   390.2   456.7   496.0   526.2   563.6   614.4   690.8   846.8  1271.3  9135.0  95059.0    95000
read      673.2   337.9   160.7   398.1   432.2   575.5   766.8   870.9   921.8   970.8  1018.6  1082.4  1187.1  1826.2 14439.6  95449.8   100000
read      602.0   335.1   148.8   273.0   338.4   525.0   593.8   755.8   868.1   935.5   988.6  1051.0  1152.2  2203.1 12651.4  99055.6   105000
read      654.0   331.9   160.7   382.4   419.7   555.5   719.4   835.8   901.0   955.3  1002.0  1062.2  1162.7  2814.4 13298.2  99339.4   110000
Warning! Detected max cpu usage > 95%
CPU Usage Stats (avg/min/max): 90.06%,60.91%,100.00%
