Timestamp start: 1685005636692
Timestamp end: 1685006737322

#type       avg     std     min      p5     p10     p50     p67     p75     p80     p85     p90     p95     p99    p999   p9999      QPS   target
read      423.4   347.0   187.4   260.4   287.7   408.1   450.2   471.4   490.1   509.0   536.7   579.1   688.0  5208.2 12762.5   7403.5     7434
read      373.2   196.6   160.7   225.6   240.1   339.6   399.5   436.1   465.3   501.0   546.0   615.5   758.3  1685.2  8027.8  66846.5    67201
read      352.7   168.7   160.7   222.4   236.2   324.0   376.3   407.0   431.9   463.1   504.5   566.0   696.4  1245.3  6853.3  86033.5    85927
read      445.4   659.0   173.5   228.8   244.2   351.1   419.3   464.6   501.5   547.9   612.6   737.0  2334.4  7317.1 31340.8  64034.0    63953
read      445.7   494.8   173.5   226.4   240.9   357.3   463.5   519.6   556.1   594.5   645.0   734.5  1955.8  7544.8 11016.4  31386.0    31595
read      428.0   983.7   173.5   226.1   240.8   344.0   403.2   438.9   466.4   501.5   549.6   637.3   992.2 14313.1 37103.6  87596.0    87879
read      852.7  2757.6   187.4   251.3   276.9   426.5   486.7   524.7   551.2   591.3   666.8  1120.5 12454.4 35316.0 52741.7   7263.5     7287
read      479.3   989.6   173.5   224.4   238.5   340.9   409.7   459.4   501.1   554.7   634.2   871.5  2298.7 14062.4 32416.5  62157.0    62295
read      794.9  2515.6   173.5   249.1   276.3   422.5   478.4   508.9   533.2   563.0   615.2  1053.6 11237.0 32341.9 58775.3   6597.5     6561
read      679.1  1762.7   173.5   226.1   243.2   418.2   530.2   600.6   647.8   699.1   769.4   927.6 10635.7 28712.0 33016.8  22160.5    22532
read      409.0   729.1   160.7   221.6   234.0   323.4   387.3   433.1   471.8   519.9   577.9   665.2  1252.3 11699.5 31567.6  60662.5    60653
read      414.5   631.1   173.5   223.4   236.8   332.5   397.9   443.5   480.3   525.9   581.9   671.5  1362.6  9283.8 29665.9  59026.5    59076
read      403.5   765.7   173.5   220.6   232.6   317.7   378.3   423.3   460.6   506.7   562.2   639.7  1099.9  9959.1 32040.1  60094.0    60154
read      538.0  1183.1   173.5   224.1   238.3   387.5   484.2   529.3   562.5   605.9   677.5   857.9  4026.4 13874.5 35506.6  22969.5    22964
read      801.3  2551.5   173.5   240.8   263.5   421.3   481.8   515.7   541.3   575.2   627.8   873.6 10810.8 32400.8 38528.1   8050.0     8172
read      490.7  1039.2   160.7   223.1   236.7   361.3   465.3   514.4   546.1   582.6   632.3   744.8  3174.7 11049.5 32915.2  27746.0    27652
read      481.9   982.9   173.5   224.3   238.3   350.0   446.2   506.0   546.7   591.7   646.1   747.6  3295.9 10527.4 37289.2  37663.5    37594
read      470.9   886.5   160.7   222.7   236.1   362.4   459.4   503.1   531.3   562.4   601.9   681.8  3113.6  9932.4 32312.8  24388.0    24367
read      445.0   854.3   160.7   220.4   232.4   336.7   437.0   492.1   528.1   566.9   614.2   703.2  2525.0  7921.3 39197.8  33765.0    33771
read      394.7   751.0   173.5   221.8   234.3   322.5   376.5   409.9   435.6   468.8   514.4   593.2  1017.0  9990.2 36017.6  85106.5    84944
read      400.7   745.9   160.7   223.3   236.8   328.7   385.1   419.9   447.1   481.7   529.7   612.1  1046.5 11116.3 31715.0  85270.0    85666
read      434.1   897.5   173.5   221.7   234.2   324.8   395.4   448.9   491.1   538.4   592.5   679.3  1908.2 12624.4 35976.2  51851.0    51918
read      439.7   557.7   173.5   222.4   235.7   341.0   443.2   501.4   538.9   579.1   628.3   718.9  2186.1  7218.2 28001.1  34476.5    34406
read      479.9   782.4   173.5   224.1   237.9   355.9   463.3   513.4   546.3   583.6   632.8   742.1  3390.5  7399.8 32169.9  28677.0    28664
read      444.9   693.3   173.5   223.2   236.9   336.6   430.6   490.0   529.0   570.5   621.6   706.8  2419.0  8539.8 30442.4  37962.0    38289
read      496.4  1043.4   160.7   226.2   241.5   386.7   478.3   518.6   545.5   577.7   620.5   696.2  3257.3 11629.4 35987.7  20802.5    20658
read      506.1   999.6   173.5   235.8   251.7   414.0   477.0   506.3   530.6   558.6   595.6   695.6  2945.0 10170.7 35432.9  13908.5    13840
read      389.6   712.4   160.7   223.9   237.4   324.5   376.6   407.5   432.2   463.7   507.4   582.5   955.5  9736.7 32009.7  93154.5    93419
read      408.5   746.3   173.5   225.1   239.7   337.2   392.3   426.0   452.5   485.2   530.7   613.9  1234.3 10701.5 31927.5  98485.0    98284
read      399.0   697.3   173.5   222.6   235.8   322.7   377.6   415.1   446.7   489.2   544.1   630.9  1072.3 10389.9 30606.2  71748.5    71313
read      427.3   876.9   173.5   219.2   230.1   319.1   397.4   457.1   497.6   538.3   583.5   656.8  1589.7 10841.9 32453.7  42050.0    42089
read      431.4   819.1   160.7   221.4   233.7   325.6   401.0   459.5   503.0   549.3   601.2   679.3  1939.0  9197.8 36169.6  46434.0    46458
read      463.4  1098.0   173.5   221.1   233.9   341.4   448.2   498.8   531.0   565.6   606.5   677.0  1515.8 22327.9 36704.0  30695.5    30755
read      427.4   710.0   173.5   219.3   230.4   322.3   403.3   463.3   503.2   544.6   592.3   674.6  2038.8  9611.8 28787.5  42852.5    42889
read      375.0   669.8   160.7   220.2   231.7   313.8   360.2   388.3   409.7   438.1   479.5   546.8   887.5  9545.2 32823.2  93276.5    93552
read      405.0   783.2   173.5   220.2   231.6   314.6   370.9   412.6   448.9   496.0   551.1   633.5  1624.0  9701.5 32132.8  65433.5    65694
read      461.1   805.3   173.5   223.6   237.3   350.7   458.3   512.5   547.5   585.7   633.1   721.7  2197.4  8780.4 35877.6  29652.0    29574
read      438.0   863.1   173.5   223.1   236.8   332.0   403.3   458.3   500.3   547.4   605.0   690.2  1834.8 11552.9 32984.3  51463.5    51355
read      413.4   802.7   173.5   222.6   235.7   326.4   385.5   424.8   458.5   503.7   563.1   653.2  1454.1 11222.9 31665.2  67479.5    67361
read      489.4   936.2   160.7   229.0   244.2   397.1   470.0   503.7   526.7   550.6   589.5   658.9  3330.7 10938.9 31915.3  16319.0    16287
read      389.6   630.3   160.7   221.3   233.5   320.1   372.8   406.8   434.6   470.9   521.3   603.1  1206.8  8384.2 30419.1  81213.5    81508
read      392.1   698.2   160.7   222.1   234.9   324.8   377.5   409.3   434.2   467.0   512.9   591.2  1024.1  9877.2 31637.9  87592.0    87619
read      379.8   707.0   173.5   221.1   233.2   317.2   365.1   395.0   419.2   450.5   495.1   570.0   951.7 11084.9 32598.2  99005.5    99068
read      424.4   817.2   160.7   220.2   232.1   320.0   390.6   445.4   489.6   540.6   597.5   686.6  1931.1  8828.2 35728.0  51433.5    51267
read      459.2   592.0   173.5   237.0   254.4   407.1   463.1   491.5   510.6   537.3   572.5   642.3  1881.2  7465.7 20210.5  11879.0    11822
read      378.9   656.8   173.5   221.0   233.4   318.4   366.3   395.3   418.1   447.2   489.6   561.8   935.0 10508.1 30589.4  97124.0    97494
read      394.4   745.9   173.5   223.0   236.7   327.6   377.1   406.1   430.3   461.1   504.1   581.3   987.4 10375.2 31833.6  97265.5    97350
read      410.7   616.8   173.5   220.7   232.6   321.2   389.8   444.0   489.6   541.0   601.3   705.9  1661.3  6657.5 31456.6  55510.5    55460
read      384.9   578.8   173.5   221.3   233.2   318.0   370.4   402.8   430.2   466.6   518.9   609.2  1231.4  8873.0 28907.8  85823.5    85984
read      384.7   740.7   173.5   220.4   231.7   313.2   363.0   394.7   421.0   456.3   505.3   583.5   991.4 10081.0 32210.0  82389.5    82043
read      409.8   747.1   173.5   220.9   232.8   320.1   386.5   438.5   481.6   530.3   584.1   659.5  1231.1  9606.6 32066.1  53065.0    52873
read      500.7   957.6   173.5   232.1   248.5   409.7   475.9   506.4   530.3   557.8   598.0   686.1  3429.0 11146.6 31910.8  14003.0    13911
read      425.2   745.2   173.5   221.3   233.7   326.0   398.4   453.2   496.3   544.7   600.6   683.6  1881.3  8962.4 35895.0  49951.5    49984
read      467.3   889.3   173.5   242.6   263.8   405.2   452.4   476.9   496.2   518.9   549.7   621.4  2114.5  9280.4 40131.2   9151.5     9274
read      450.7   790.7   173.5   222.3   234.8   352.1   452.7   497.6   525.7   555.2   593.1   672.1  2344.3  8732.2 35443.3  27178.5    27187
read      454.2   545.7   173.5   224.8   238.9   387.3   470.5   505.3   529.6   556.7   594.4   674.9  2627.5  6228.5 18708.1  18833.5    18735
read      379.8   633.4   160.7   219.9   231.2   314.0   365.5   397.4   422.9   455.9   503.0   582.0  1117.6  9202.7 30878.6  85737.5    86505
read      378.0   599.8   173.5   221.2   233.3   318.4   368.6   399.4   424.4   456.1   500.4   576.1   949.8  9066.7 30475.4  93034.5    93039
read      397.2   814.5   160.7   220.8   232.4   315.5   367.6   401.4   430.4   468.8   521.0   599.2  1030.3 12616.9 31731.7  76186.5    75999
read      439.1   682.7   173.5   222.3   235.5   342.9   447.9   504.1   538.6   575.4   621.4   693.2  1959.3  7756.3 32350.2  32167.5    32324
read      381.6   555.4   173.5   221.6   233.8   319.7   372.6   404.9   432.0   466.6   514.3   591.1  1239.9  8052.9 29418.9  84361.5    84255
read      394.6   814.8   160.7   220.8   232.7   317.3   369.4   402.9   431.5   468.7   521.4   602.9  1160.5 11800.0 35645.4  82065.0    81759
read      443.9   833.6   160.7   221.2   233.6   331.5   422.7   482.1   521.0   560.8   607.6   682.5  1946.1  9444.7 32200.4  37393.0    37291
read      439.8  1056.4   160.7   221.3   233.6   323.0   388.9   438.8   481.4   530.7   586.5   667.7  1621.4 14653.8 37046.9  53737.0    53818
read      427.6   594.1   173.5   220.3   232.1   338.6   442.5   492.6   523.3   556.2   596.6   672.1  1598.7  8958.0 21253.9  30376.5    30297
read      434.7   693.2   173.5   220.7   232.4   334.8   440.8   495.8   529.8   565.9   610.2   684.1  2109.1  7387.9 31478.9  31695.5    31569
read      439.6   830.5   173.5   220.2   231.9   328.8   418.1   478.9   518.0   558.9   608.8   687.5  1717.5 10118.0 31812.2  38866.0    38927
read      461.8   727.8   173.5   238.2   256.4   401.2   453.7   480.0   498.8   523.4   559.3   631.9  2000.2 10009.0 28928.0  10642.5    10652
read      391.6   758.0   160.7   222.0   234.9   323.9   374.7   405.1   429.9   461.0   503.7   580.6   936.4 11415.3 35198.6  97552.5    98119
read      417.5   842.8   160.7   220.6   232.5   323.1   395.8   452.3   496.4   542.2   591.2   666.3  1206.9 11345.4 32174.2  48160.0    48176
read      451.7   905.4   160.7   220.6   232.3   333.5   426.1   484.1   521.4   558.9   605.3   678.5  2497.0 11587.8 32202.0  35030.0    34929
read      396.0   672.0   173.5   221.2   233.3   319.0   375.7   415.4   447.7   489.4   544.6   627.0  1192.5  9774.6 31438.7  69561.5    69735
read      455.2   769.9   173.5   224.5   238.6   379.7   467.9   506.5   532.0   560.6   599.6   677.6  2076.2 10327.7 31017.5  20635.5    20753
read      393.5   727.1   173.5   220.8   232.8   318.8   370.6   403.3   431.4   467.2   518.3   598.9  1277.8 10744.2 35790.3  84637.5    84642
read      425.7   649.4   173.5   220.5   232.0   324.8   406.5   468.0   509.3   552.6   602.5   679.6  2073.3  9861.2 29117.0  42369.5    42333
read      402.4   801.7   173.5   220.3   232.1   319.5   378.3   421.4   457.3   501.9   555.5   634.9  1135.3 11280.1 31877.4  61479.5    61587
read      404.8   808.0   160.7   222.8   236.2   327.3   382.9   418.5   447.8   484.9   535.5   616.6  1085.8 11957.9 36073.8  78021.0    77998
read      394.8   657.1   160.7   222.9   236.8   329.7   382.4   415.2   440.2   472.7   520.2   606.6  1061.2  9831.2 31250.5  98158.0    97625
read      479.0   870.8   173.5   224.5   238.5   376.7   479.1   523.9   550.8   585.9   628.7   713.0  2619.0  9576.9 36311.9  23670.5    23781
read      396.8   680.3   173.5   220.9   232.8   316.9   372.8   414.0   448.9   494.8   550.8   635.0  1406.5  9058.4 33140.7  66446.0    66723
read      435.7   657.3   173.5   221.2   233.2   339.0   444.5   497.1   530.7   565.7   605.9   676.3  2036.3  9097.2 30435.6  31008.5    31016
read      414.3   711.9   173.5   219.1   230.2   320.3   395.7   455.1   498.7   544.3   594.3   670.2  1571.3  9621.0 31754.9  47144.0    47394
read      399.7   696.1   173.5   224.7   238.8   336.0   390.3   421.9   446.0   476.4   520.1   593.4  1019.9 10813.7 32148.7  95455.5    95335
read      834.2  2823.6   173.5   260.4   289.7   400.3   445.5   473.2   497.9   530.7   585.1   909.4 12783.3 39407.0 53557.2   5288.5     5252
read      435.0   820.4   173.5   221.2   233.2   322.2   382.6   425.5   463.1   512.0   576.6   711.0  2213.1 12059.0 31910.5  65381.0    65908
read      478.2   958.1   173.5   226.8   241.4   390.7   467.2   501.1   524.6   549.6   585.2   656.3  2509.3 11122.0 34620.1  16945.0    16889
read      433.8   778.7   173.5   221.2   233.5   328.0   409.5   468.3   509.1   551.5   603.5   683.6  2033.1  9805.9 31964.8  42770.5    42912
read      375.7   579.1   160.7   221.7   234.4   320.5   368.2   396.6   419.3   448.0   489.1   559.1  1144.4  8464.5 29754.4 100507.5    99898
read      430.0   534.2   173.5   221.9   234.2   356.3   457.2   502.4   531.2   563.5   605.5   688.4  1764.1  5161.9 26311.7  26420.0    26385
read      444.8   650.3   173.5   224.0   237.7   374.4   465.2   504.3   531.5   562.1   599.6   674.6  2037.8  7097.5 31611.9  22574.0    22616
read      407.9   797.3   173.5   220.1   231.6   321.1   390.9   442.1   483.2   528.6   578.6   648.8  1039.8 11227.5 31371.5  50671.5    50605
read      385.5   651.8   160.7   220.8   233.0   320.1   371.0   402.1   427.8   460.3   505.5   585.7  1148.1 10347.7 31163.9  90172.5    90283
read      434.2   570.8   173.5   222.2   234.9   356.2   460.5   506.3   534.7   566.4   607.0   685.2  1713.5  6253.9 30952.6  26094.5    26273
read      435.2   904.6   173.5   221.4   233.9   326.9   399.6   455.9   499.8   545.5   599.0   679.1  1479.8 11972.4 36369.9  48361.0    48521
read      449.6  1028.1   173.5   220.4   231.8   332.2   426.7   484.4   520.3   558.1   601.9   670.9  1419.0 14424.5 34066.1  34074.0    34058
read      391.7   795.8   173.5   220.3   231.6   312.9   363.4   397.5   426.4   465.2   518.8   596.0  1090.2 12546.7 31764.7  75445.0    75648
read      468.4  1023.9   173.5   226.6   241.3   389.0   473.5   509.2   534.7   564.0   602.2   672.2  1391.8 10899.1 36920.6  19457.0    19482
read      467.4   920.7   173.5   228.7   244.0   398.8   466.3   497.9   520.4   546.6   584.9   667.6  2017.0 10736.9 33795.3  15115.0    15054
read      448.9   964.9   160.7   223.8   237.8   339.0   396.7   432.5   463.3   504.7   564.3   684.7  2257.8 11679.1 36348.8  75193.5    75754
read      441.2   547.5   187.4   264.6   288.3   382.0   418.4   438.8   457.4   478.8   512.1   592.9  1726.5  9618.3 16249.8   5253.5     5187
read      639.9  1720.8   173.5   229.7   247.2   414.8   505.6   558.4   600.4   649.7   714.5   852.5  8450.1 30863.9 39425.1  17736.0    17656
read      412.9   809.4   160.7   222.1   235.3   328.3   379.1   409.1   433.7   466.8   517.2   616.1  1720.9 12074.0 32497.5  95777.0    96343
read      435.3   752.0   173.5   220.5   232.3   329.3   420.0   479.0   518.1   558.3   605.6   680.7  2180.4 10277.1 31962.0  37000.5    36665
read      398.5   708.3   173.5   223.1   236.7   328.8   382.2   415.4   441.0   473.7   522.7   604.3  1103.8  9437.4 31532.6  85275.5    85269
read      433.1   718.2   173.5   220.6   232.6   339.4   442.2   496.1   529.1   564.5   608.5   683.3  1767.5  8705.8 30955.5  31511.5    31525
read      393.6   749.3   173.5   219.4   230.2   313.7   370.9   414.8   453.2   500.4   556.2   630.1  1225.4  8795.0 36577.3  61926.5    61798
read      461.6   746.3   173.5   234.1   250.3   403.8   458.2   486.1   505.0   530.2   563.7   641.0  2055.9  8447.5 31674.6  12342.5    12253
read      478.1   941.6   173.5   222.3   235.4   363.7   462.5   507.2   536.7   570.6   616.3   720.4  2513.5 10169.5 32077.9  25748.5    25710
read      386.9   638.4   173.5   220.1   231.5   315.1   366.6   400.4   429.0   466.1   521.0   608.0  1244.6  8477.3 29857.2  79826.0    79937
read      447.5   560.4   187.4   250.2   275.8   389.6   431.1   455.0   471.1   499.1   538.2   614.7  2073.2  7435.8 28493.3   7270.0     7271
read      383.1   653.7   173.5   220.7   232.5   317.0   368.7   400.3   426.9   460.8   507.0   585.3  1055.5  9808.9 31237.4  85402.5    85861
read      405.7   797.4   173.5   224.3   238.5   334.2   389.7   422.7   448.3   480.9   527.6   607.8  1156.6 10892.6 35635.0  91420.5    91467
read      406.0   725.8   160.7   222.1   234.9   322.7   378.6   415.4   445.4   485.9   541.4   626.0  1771.5 10702.1 31326.3  72265.5    72217
read      442.9   862.4   173.5   222.0   234.2   341.3   447.0   501.2   533.7   569.1   612.6   682.9  1724.8  9940.8 35464.8  30782.0    31080
read      385.7   626.3   173.5   220.4   231.9   316.1   367.5   400.4   428.4   465.2   516.9   598.7  1368.3  8646.4 31013.0  77046.5    76878
read      400.3   771.5   173.5   222.3   235.3   327.4   381.7   413.7   438.5   472.0   520.7   596.6  1007.0 10407.0 35957.9  84841.0    84584
read      409.9   232.1   173.5   230.1   245.8   391.9   447.9   473.7   492.5   512.2   542.7   597.2  1084.7  3575.1  5331.2  12537.0    12492
read      417.0   822.0   160.7   220.5   232.2   321.2   384.4   429.8   467.4   514.2   569.8   654.6  1308.3 11404.6 31497.7  56956.5    57106
read      383.2   630.0   160.7   221.2   233.3   318.7   367.9   396.8   419.7   449.0   491.5   569.1  1217.2  9675.1 29109.8  96544.0    96245
read      422.7   447.6   187.4   254.0   277.4   381.1   418.0   438.9   457.2   477.7   506.8   568.2  1449.2  8615.8 13249.8   6768.0     6791
read      368.4   617.0   160.7   219.6   230.1   310.8   358.1   387.6   410.7   441.8   487.6   561.1   877.6  7788.4 31498.3  90455.5    90728
read      492.4  1069.6   187.4   260.6   288.5   385.9   423.5   445.5   463.3   487.8   525.6   612.0  3124.2 19811.1 31894.8   5225.5     5151
read      394.4   752.9   160.7   220.9   232.8   318.3   370.5   403.2   431.6   467.5   516.6   592.0  1220.1  9872.6 31817.3  82008.0    82969
read      450.1   899.0   160.7   223.0   236.4   337.4   422.2   481.9   523.8   568.9   620.7   694.1  1885.9 11532.2 35272.9  42650.5    42635
read      399.9   708.0   173.5   224.3   238.3   332.1   385.1   417.0   441.7   473.0   518.9   597.3  1139.5 10799.0 31479.9  99185.0    99337
read      394.7   698.9   160.7   223.6   237.4   329.6   381.9   413.6   437.7   470.1   516.1   591.8  1106.5 10777.0 30989.9  95055.5    95192
read      408.4   757.4   173.5   222.6   235.5   323.8   384.0   423.7   456.3   498.9   555.0   639.3  1218.6 11941.4 31607.2  69259.0    69200
read      407.6   681.5   173.5   219.5   230.4   318.5   386.2   439.9   483.0   529.7   581.7   654.6  1350.1 10887.8 30871.8  49582.5    49459
read      450.6   781.5   173.5   221.5   233.5   344.0   449.0   498.0   528.4   561.9   604.3   680.3  2548.7  8613.7 31776.0  28975.5    29055
read      427.0   899.7   173.5   221.8   234.4   323.7   383.7   425.6   462.0   508.8   567.1   652.1  1696.1 12158.4 32223.4  64353.5    64324
read      436.7   624.8   187.4   257.6   281.3   375.5   414.1   433.8   450.2   468.1   500.5   574.2  1924.0  9684.9 21890.1   5748.0     5705
read      384.1   584.8   173.5   221.4   233.8   320.5   372.4   404.6   432.3   467.1   514.9   590.8  1051.9  9310.1 30129.7  84542.5    84816
read      451.4   920.5   173.5   222.8   235.7   362.3   459.3   500.0   526.7   555.6   590.8   664.0  1878.4 13855.8 32363.0  23680.5    23714
read      405.0   870.1   173.5   221.3   233.2   318.8   374.0   409.8   438.5   476.7   528.8   606.1  1022.9 12746.0 32296.1  74413.0    74116
read      439.6   514.6   173.5   224.9   239.3   382.7   468.1   504.3   529.0   556.5   595.0   673.3  1683.7  7862.4 15044.0  20188.5    19948
read      413.8   725.3   173.5   219.1   229.9   318.2   392.5   452.5   493.7   536.4   586.1   654.5  1796.7  8565.2 31744.1  44284.5    44213
read      546.7  1194.1   173.5   227.7   242.7   404.2   491.3   534.2   564.4   599.8   659.3   811.7  4953.6 25825.4 36111.1  19485.5    19454
read      462.3   671.0   187.4   254.9   278.2   391.2   431.6   456.1   472.9   497.7   531.2   608.6  2613.0  8068.0 31371.5   7177.0     7190
read      444.1  1042.7   160.7   219.9   231.0   321.6   395.2   451.3   494.2   541.0   592.0   672.8  1929.6 12877.5 36950.5  47540.0    47657
read      420.0   652.0   160.7   221.6   233.7   326.1   405.3   462.8   504.6   550.7   600.6   682.4  1641.7  8236.7 30483.2  44652.0    44399
read      785.5  2542.2   173.5   249.0   275.7   402.4   452.1   479.2   500.0   527.8   574.6   747.1 11688.3 36655.3 40823.2   6463.0     6481
read      855.6  3127.8   187.4   251.4   276.5   392.0   437.4   465.5   488.4   517.6   568.4   794.5 15484.8 37759.7 40648.6   5845.5     5807
read      433.5   931.7   173.5   221.5   234.3   326.6   380.2   415.1   444.0   483.3   538.6   655.4  2068.3 14367.4 31949.4  82944.5    83137
read      635.4  1907.7   187.4   237.2   256.3   404.8   460.1   494.1   520.2   551.2   597.9   728.0  8495.7 32008.7 38111.1   9712.0     9580
read      491.9  1241.1   160.7   220.8   233.3   337.4   433.3   492.9   531.9   575.8   631.1   754.2  2589.0 22565.2 38698.4  37466.5    37385
read      441.8   842.3   160.7   220.8   232.5   333.2   429.7   484.1   519.1   555.2   598.2   669.4  2043.8 11531.4 31961.4  33690.5    33706
read      424.1   552.5   173.5   220.0   231.2   329.0   431.0   490.1   525.7   561.9   605.4   681.3  1963.5  6810.7 27719.7  35398.5    35204
read      413.8   838.5   173.5   220.3   231.8   320.8   389.4   441.5   484.4   531.0   583.8   662.1  1251.3  8739.8 32516.0  50358.0    50438
read      425.8   798.3   173.5   220.0   231.6   319.7   391.5   448.0   492.4   539.0   589.1   668.5  1991.5 11706.9 31690.0  48850.5    48878
read      419.3   627.7   160.7   219.9   230.9   321.6   401.5   462.4   504.3   545.8   594.4   679.2  2035.5  6501.7 30399.9  42635.5    42682
read      418.8   556.7   173.5   221.0   233.0   344.8   449.2   496.0   525.9   557.7   592.4   656.9  1230.4  6464.8 29003.2  27460.5    27416
read      397.5   663.5   173.5   220.6   232.3   316.7   373.5   416.0   452.7   498.5   555.8   636.0  1354.4 10260.1 31337.7  64400.0    64424
read      409.6   829.4   160.7   220.8   232.7   318.7   377.4   419.7   454.1   498.3   554.0   637.6  1532.7 11026.1 32684.7  64075.0    64364
read      493.3  1267.5   187.4   259.2   283.4   378.2   417.2   440.4   459.5   482.7   515.9   596.3  2644.8 28507.0 32080.7   5523.0     5481
read      454.6   677.3   173.5   225.7   240.3   368.4   465.3   512.6   542.3   575.1   616.0   686.4  2150.6  9398.7 29889.4  26011.5    26227
read      452.0   834.3   173.5   222.1   235.1   353.7   458.1   503.2   531.4   562.6   602.4   681.3  2208.3  9263.7 35629.0  26421.0    26586
read      394.0   869.9   173.5   220.6   232.5   318.5   368.4   399.0   423.6   455.5   500.8   578.7  1070.6 11892.2 35981.2  86095.5    86286
read      449.0   740.1   173.5   222.1   234.9   363.1   461.4   503.3   531.5   562.6   600.3   673.9  2019.6  8083.1 36209.3  24582.0    24452
read      495.7  1029.5   173.5   222.4   236.0   370.8   472.0   521.4   553.7   592.9   657.3   790.0  2762.9 11317.7 37153.5  26964.0    26832
read      455.6   876.3   173.5   221.1   233.5   342.1   447.5   499.5   531.4   565.5   608.2   685.0  1999.3 10611.8 31996.3  29721.0    29795
read      414.6   705.7   173.5   220.1   231.8   320.6   395.1   453.6   495.9   541.0   590.4   666.8  1576.7 10264.9 32435.5  46289.0    46224
read      378.2   631.4   160.7   219.9   231.2   313.6   363.5   395.2   421.2   454.9   502.2   581.2  1116.1  8683.9 31206.2  84706.0    84587
read      386.4   593.9   173.5   220.2   231.4   316.1   374.0   416.4   453.6   501.6   557.8   635.4   904.9  9415.7 29198.9  63214.0    63389
read      416.7   710.5   173.5   220.1   231.7   320.4   394.0   451.1   493.8   540.1   590.5   665.6  1369.6 10108.0 31260.6  46960.0    46953
read      401.8   822.3   160.7   221.1   233.6   325.5   379.1   411.2   436.5   469.3   515.3   588.6  1049.6 12256.7 32332.7  90501.0    90536
read      451.4   515.6   173.5   237.9   255.1   408.2   464.3   491.9   509.7   535.4   571.5   641.2  2055.4  6517.9 28247.1  12560.5    12508
read      437.8   660.2   173.5   223.7   237.8   338.4   432.2   493.5   534.0   576.8   627.6   708.0  2106.7  8946.7 29724.8  38499.0    38491
read      385.1   669.8   173.5   221.7   234.5   322.0   371.7   402.1   427.3   458.7   501.9   578.2  1030.7  9740.5 31492.6  97785.0    97806
read      673.8  1830.5   173.5   229.7   247.9   414.5   486.8   526.9   553.8   590.9   640.0   799.2  9398.8 31210.5 35722.7  11815.5    11813
read      480.7   974.6   173.5   222.1   235.7   343.2   441.2   504.5   547.5   594.0   655.1   773.4  2598.5 13749.8 36226.4  39551.0    39665
read      398.6   617.0   173.5   218.9   229.7   313.6   377.1   428.5   470.8   518.9   572.8   647.1  1296.2  8736.4 28577.3  53786.5    53571
read      403.4   739.9   173.5   220.4   231.7   318.3   375.7   417.8   453.7   499.4   555.1   637.4  1230.1 10397.9 31806.8  63289.0    63215
read      392.7   755.0   173.5   220.1   231.2   314.8   368.3   402.9   431.4   467.3   519.1   598.9  1111.5 10227.8 31750.7  78528.5    78767
read      444.0   396.4   187.4   244.8   266.4   399.7   445.8   470.0   490.1   511.7   545.5   629.5  1874.5  5425.1 10772.1   8671.5     8615
read      405.3   719.6   160.7   220.8   232.8   320.2   375.0   413.9   446.3   488.5   543.9   628.8  1551.3 10255.7 31391.0  67925.5    67903
read      461.0   847.4   173.5   226.1   240.6   386.0   456.8   487.9   507.3   532.7   565.8   631.8  1959.9 11965.5 31904.0  16436.0    16398
read      419.9   928.7   173.5   220.8   232.7   320.1   385.0   434.3   476.4   525.4   579.1   651.3  1045.7 13242.6 32457.8  53308.0    53434
read      445.1   913.5   173.5   220.7   232.8   329.5   418.5   475.9   513.5   555.1   602.0   679.2  2418.3 12054.6 32371.9  37902.0    38068
read      472.1   853.2   187.4   244.8   266.2   399.6   447.6   472.1   492.8   516.2   552.7   651.7  2529.5  8092.3 36768.5   9155.5     9130
read      405.7   789.9   173.5   221.7   234.5   325.2   384.0   423.1   455.0   495.4   547.1   626.7  1018.3 10602.3 30191.4  68890.0    69227
read      451.4   871.1   173.5   223.1   236.9   337.6   428.3   487.9   527.1   568.8   620.0   701.9  2009.3 10638.9 32395.0  37414.0    37496
read      383.0   569.8   173.5   223.1   236.7   321.3   372.7   405.1   432.2   467.5   517.4   594.4  1102.9  7019.8 28799.2  84238.0    83925
read      424.7   727.7   173.5   223.4   236.9   327.8   395.1   448.7   491.9   539.9   595.0   676.9  1545.7  9509.9 31453.8  51100.5    51037
read      463.5  1017.2   173.5   222.9   236.8   341.3   440.5   497.1   531.9   568.0   611.9   686.9  2089.4 14086.4 37072.1  33838.5    33690
read      431.3   811.3   173.5   226.1   240.9   337.3   407.1   460.0   501.3   548.8   604.3   682.2  1587.7 10021.7 36216.9  51415.0    51474
read      398.6   678.3   160.7   221.8   234.5   321.6   377.3   414.7   445.8   485.4   539.3   623.5  1208.0  9793.8 31837.2  73555.0    73708
read      401.6   693.6   173.5   225.2   239.9   337.2   390.0   421.2   445.1   475.0   518.5   591.9  1076.8 10674.2 31203.4  98529.0    98618
read      391.3   633.0   173.5   221.9   234.6   322.2   377.6   413.3   441.7   479.7   532.9   617.4  1101.1  9333.5 31171.9  82098.5    81977
read      416.1   836.8   173.5   223.7   237.4   334.0   390.9   425.7   452.9   487.6   536.2   623.4  1210.6 11264.9 32488.1  91497.5    91567
read      402.2   575.1   173.5   220.0   231.3   318.6   388.0   443.6   487.7   532.7   582.3   655.0  1220.9  8856.9 26502.0  48384.5    48236
read      400.1   712.3   173.5   222.7   236.4   331.5   385.5   418.2   443.9   477.7   525.5   611.8  1211.4  9018.1 32814.4  91654.0    91726
read      426.8   726.0   173.5   223.7   237.2   334.7   405.7   460.0   502.9   551.7   613.1   697.0  1462.6 10531.3 31823.3  52455.5    52458
read      401.8   786.3   173.5   221.7   234.2   322.6   379.1   417.0   449.5   491.4   546.2   629.4  1016.6 10526.5 32250.6  70332.5    70467
read      397.4   675.4   173.5   221.4   233.9   321.9   377.6   416.5   448.9   491.9   545.8   629.6  1236.3  9731.0 30962.1  70935.5    71151
read      390.3   609.9   173.5   219.9   230.9   314.9   370.8   412.1   447.9   494.4   552.9   632.4  1164.3  8827.3 30414.6  65026.0    65016
read      415.0   700.2   173.5   219.4   230.4   324.4   407.3   468.3   508.7   550.7   598.7   681.3  1729.3  7566.5 32012.5  42124.0    42057
read      407.9   903.1   173.5   220.9   232.6   320.1   374.6   408.4   436.0   472.3   525.3   605.5  1314.7 11787.9 35160.8  79075.5    78821
read      407.5   753.0   173.5   221.6   234.2   321.9   381.4   424.4   461.5   507.7   564.6   643.6  1153.1  9828.3 31771.2  60947.0    60720
read      426.1   651.3   173.5   220.9   233.3   331.1   422.3   482.1   521.0   562.4   613.4   686.9  1814.6  7833.3 31551.4  40094.5    39911
read      459.2   646.1   173.5   240.6   260.0   413.6   463.5   489.5   506.8   531.2   564.0   634.7  1754.1  8603.2 30802.7  10718.5    10628
read      407.2   636.0   160.7   221.0   233.2   322.4   380.7   421.5   455.5   500.4   560.4   669.7  1850.8  6957.7 31827.8  73672.0    73736
read      485.2  1080.3   187.4   252.5   278.7   398.2   440.7   463.1   480.4   503.3   538.5   612.9  2182.0 12409.7 37119.7   7264.5     7334
read      363.8   567.2   173.5   219.2   230.0   309.2   355.9   385.9   409.1   439.4   483.9   551.4   818.5  8104.2 30401.1  91687.0    91868
read      385.0   726.9   160.7   219.6   230.1   312.5   366.3   400.5   429.4   466.4   518.1   593.5  1025.0  9530.3 32409.9  76660.5    76670
read      499.2   969.6   187.4   241.3   260.7   412.7   465.2   493.8   513.5   538.2   575.9   687.9  2382.6 12475.2 32067.7  10421.0    10405
read      499.9   857.2   173.5   224.7   239.0   376.3   484.0   533.0   567.0   606.9   663.4   818.6  3176.5 10108.8 32468.4  26158.0    26019
read      400.9   508.3   160.7   221.3   233.5   322.8   392.5   445.4   489.4   538.3   593.3   677.7  1234.0  6229.6 25739.8  55206.5    55530
read      429.0   689.2   173.5   220.5   232.2   341.0   450.3   500.1   531.0   564.0   604.0   677.2  1626.8  7018.2 31638.0  29428.0    29615
read      397.1   786.3   160.7   219.6   230.8   312.8   369.0   408.7   443.9   488.9   544.2   623.0   931.8 10479.6 32496.9  66079.5    66057
read      403.9   605.5   160.7   220.0   231.4   318.8   385.2   437.3   481.7   533.2   587.8   674.3  1417.0  8052.2 30410.9  55087.0    55281
read      426.0   458.3   173.5   223.1   237.2   379.6   468.9   504.0   528.2   554.8   592.3   660.5  1148.7  6148.1 12857.8  21213.5    21177
read      378.4   519.2   173.5   220.9   233.0   317.0   369.5   402.6   430.3   465.5   513.9   600.5  1152.1  7239.6 30162.6  88221.0    88239
read      395.8   707.3   160.7   221.3   233.7   320.4   377.0   416.7   449.0   491.4   546.5   625.9   951.8  8827.6 31629.6  70279.0    70227
read      435.8   656.0   173.5   222.6   235.5   368.8   464.9   503.8   529.5   557.3   590.6   655.6  1568.7  7567.9 30921.1  23290.0    23421
read      373.6   572.6   160.7   221.2   233.5   318.5   367.7   397.5   421.4   451.5   493.3   560.9   869.5  7487.2 29571.2  97190.0    97104
read      431.2   338.7   187.4   259.2   287.6   395.4   436.5   460.9   478.3   500.7   532.4   590.6  1402.3  6235.9  9318.9   6206.0     6235
read      414.8   771.1   160.7   219.8   230.9   317.9   382.0   428.8   467.3   514.4   568.9   647.9  1992.0  8105.6 31794.3  57724.0    58045
read      460.9   807.9   173.5   224.1   238.0   371.8   465.8   506.3   532.8   562.4   600.7   681.0  2318.4  7778.9 32868.7  23676.0    23729
read      478.8   959.2   173.5   227.1   241.9   356.6   450.0   510.5   553.5   601.9   660.9   763.0  2169.4 11583.6 36110.3  40738.5    40897
read      445.5   884.8   173.5   225.1   239.0   337.6   411.3   465.6   509.7   560.5   622.3   718.7  1824.5 12520.6 32273.0  53250.0    53312
read      414.7   733.1   173.5   225.8   240.3   339.6   396.3   431.1   459.0   495.1   545.3   639.2  1398.3 11272.0 31707.8  87195.0    87262
read      472.6   943.2   173.5   233.3   249.9   375.3   444.9   489.7   526.9   576.6   648.5   783.2  1705.6 14531.3 32259.2  82000.5    81836
read      494.8   839.2   173.5   239.3   259.5   401.8   484.2   540.6   586.1   642.6   721.1   837.0  1252.9 12450.5 32319.6  91983.5    92274
read      487.0   839.0   173.5   230.6   245.8   365.8   457.3   517.6   561.7   616.2   686.8   817.9  2282.7 12213.7 31630.0  47270.5    47252
read      437.4   796.7   173.5   224.6   239.0   341.7   413.1   462.3   500.8   546.9   610.3   731.3  1463.8 11178.6 32130.5  75526.0    75747
read      384.2   668.1   173.5   221.2   233.2   318.8   373.9   408.0   435.5   471.1   521.9   603.8   972.7  8417.1 31524.1  80665.0    80994
read      418.2   627.5   173.5   226.4   241.5   344.6   400.9   436.4   465.0   501.7   553.6   670.9  1681.2  8569.5 30316.5  98729.5    98224
read      441.4   463.3   187.4   255.4   279.5   411.0   452.6   473.3   490.8   508.3   538.2   591.7   983.4  8520.8 19315.2   7776.0     7737
read      440.3   754.2   173.5   222.6   235.4   335.6   429.0   488.1   526.7   566.6   614.2   689.4  2131.2  9539.7 32749.2  37406.0    37514
read      477.9   955.5   173.5   239.8   258.9   410.6   461.4   487.3   505.0   529.7   563.1   640.4  2066.9 13333.5 32478.1  10766.0    10640
read      394.1   617.5   173.5   224.5   238.6   332.0   386.2   419.6   446.1   479.8   526.2   601.2   994.3  8941.6 30502.5  90525.0    90490
read      383.4   555.6   173.5   223.3   236.8   324.3   375.3   406.9   433.4   467.3   513.6   590.4  1065.6  7545.2 30351.1  92160.5    92514
read      381.9   576.3   160.7   224.2   237.9   325.3   376.1   408.1   433.3   465.9   511.0   587.0   903.9  7732.4 30895.1  89096.0    89245
read      398.2   739.3   160.7   224.0   237.5   326.8   382.8   419.7   449.3   486.8   538.0   613.8   889.9 10684.2 32406.0  73681.5    73823
read      444.5   885.1   173.5   227.6   241.8   342.3   422.4   476.0   515.3   559.0   611.9   687.2  1089.3 12317.8 32453.0  46625.5    46565
read      451.3   607.4   173.5   226.7   241.2   392.4   483.2   522.4   548.0   578.9   617.4   683.0  1719.6  7142.0 28430.3  21328.5    21419
read      402.5   596.6   160.7   223.1   236.3   325.2   383.1   424.0   459.5   505.4   562.8   645.0  1323.6  8119.4 29078.0  66621.5    66915
read      455.6   654.5   173.5   229.4   243.9   364.4   471.9   525.0   558.1   594.1   641.7   732.0  1614.3  8180.2 30999.2  31649.5    31667
read      402.7   697.8   173.5   224.4   238.0   326.9   385.1   423.9   455.4   495.8   549.6   633.8  1069.3  9002.7 31561.9  71940.0    72255
read      375.8   567.9   173.5   223.3   236.9   323.6   371.2   399.6   422.5   451.2   492.3   561.3   928.8  8289.5 30884.7  99648.5    99535
read      470.4   867.5   173.5   242.9   263.5   403.9   450.3   472.6   491.4   510.5   542.2   610.8  2462.9  8110.8 35314.7   9329.0     9226
read      401.0   665.0   173.5   223.8   237.3   324.9   382.3   422.0   455.3   498.3   550.0   629.7  1308.4  9320.4 32188.6  67663.0    67844
read      405.5   773.0   173.5   223.1   236.4   324.4   381.3   419.5   450.9   492.7   546.7   632.0  1297.9 11336.6 32336.2  71243.0    71413
read      393.2   431.8   160.7   227.5   242.5   342.1   395.5   427.5   452.5   483.6   528.1   609.5  1185.4  5622.5 11010.6  97249.0    97328
read      403.8   318.5   173.5   229.2   244.2   351.0   422.8   470.1   507.0   551.0   605.8   683.0   911.7  4272.8  9313.6  55116.0    55113
read      393.1   300.8   173.5   226.6   241.5   342.4   412.6   462.1   501.2   545.7   598.9   671.9   845.3  2995.2 10861.4  53874.5    53743
read      470.1   571.5   173.5   241.9   260.7   441.8   509.4   541.7   565.2   591.3   627.6   687.7   944.8  9597.3 30684.7  15270.5    15253
read      355.7   198.3   160.7   221.9   235.2   323.7   376.1   407.8   432.3   463.4   504.6   571.2   744.3  2408.7  7337.1  90351.5    90605
read      416.3   309.8   160.7   229.2   245.5   382.9   478.2   519.6   545.3   574.1   609.4   667.1   801.1  1658.8 16810.2  25851.5    25767
read      373.9   296.3   160.7   223.8   238.0   330.0   384.7   418.6   445.2   478.2   523.9   601.3   926.8  4604.0  9327.0  93285.5    93458
read      356.0   241.0   160.7   223.2   236.4   323.2   374.4   404.4   428.8   458.6   499.3   565.4   760.7  1841.2  9266.1  94850.0    95080
read      362.4   206.3   173.5   225.2   239.2   328.8   383.1   416.1   441.6   474.1   518.9   587.6   782.0  1906.6  5451.2  88222.5    88399
read      360.4   225.0   173.5   226.2   240.4   328.8   379.3   410.4   434.5   465.4   506.7   576.2   772.7  1955.6  7411.7  95576.5    95681
read      478.2   638.0   173.5   232.5   247.5   373.7   489.8   548.1   585.0   627.4   683.5   797.8  2229.1  7232.7 29890.1  33025.5    33003
read      374.7   365.9   173.5   226.0   240.5   334.0   385.4   416.0   438.5   468.8   510.5   583.5   899.9  4275.0 14233.4  98630.0    98809
read      382.0   301.1   160.7   225.3   239.6   336.7   401.1   441.3   472.6   513.2   564.9   642.2   825.4  2881.6 10058.1  64774.0    64610
read      388.2   210.9   173.5   225.5   239.7   339.4   414.0   466.2   506.4   551.9   604.1   671.7   822.0  1613.8  8100.2  51293.0    51183
read      457.1   551.9   173.5   231.3   246.8   413.5   501.3   540.5   568.5   599.3   636.1   701.9  1305.0  7639.2 30107.0  20036.0    20194
read      608.7  1524.7   187.4   249.0   275.4   432.1   488.5   519.1   542.6   575.1   623.5   806.2  5149.6 30791.5 43242.6   7675.0     7602
read      404.1   345.4   173.5   225.2   239.5   341.1   422.9   478.9   519.8   563.7   615.0   685.6   908.5  4918.5  9406.7  46851.5    46677
read      579.1  1488.4   187.4   262.4   293.8   412.2   459.4   486.5   506.4   533.7   573.9   681.9  4291.7 30863.9 37489.3   5567.5     5577
read      474.9   562.7   173.5   231.0   247.1   404.2   503.2   548.3   581.3   620.8   676.8   777.9  2097.7  5187.4 26613.6  23076.0    23035
read      411.4   512.8   160.7   225.0   239.5   340.7   410.3   459.2   498.1   544.7   603.4   688.8  1422.8  5801.0 12090.5  57253.0    57516
read      375.1   258.6   160.7   224.0   237.6   330.8   392.7   433.8   466.8   507.8   559.0   633.4   797.4  3484.9  8044.3  63148.0    62851
read      405.2   367.0   173.5   225.8   240.4   347.1   435.0   492.0   530.0   571.1   619.3   683.4   832.8  4133.5 19632.3  38531.5    38431
read      473.2   545.2   173.5   228.0   244.0   394.3   497.7   545.0   579.5   620.7   676.1   789.0  1999.4  6371.8 25561.9  25671.5    25729
read      574.4  1232.7   173.5   229.3   245.9   429.7   525.7   576.5   616.6   668.0   734.7   859.3  4731.9 17275.5 38036.2  19341.5    19443
read      513.9  1021.7   173.5   231.6   248.4   420.7   510.3   552.5   584.5   621.1   670.6   767.9  2591.8 12532.3 37407.4  19705.0    19461
read      428.3   664.3   173.5   225.1   239.3   344.9   433.3   492.4   532.4   575.8   626.8   696.9  1133.0  8260.9 31643.3  42313.0    42341
read      620.7  1663.0   173.5   262.9   294.9   416.1   464.2   492.5   511.6   540.3   585.6   846.6  5438.6 30991.7 37840.6   5680.5     5691
read      446.7   868.8   160.7   225.2   239.9   349.2   442.2   502.4   542.5   586.1   634.1   708.2  1149.9 14971.4 32036.9  40171.0    40223
read      415.9   252.2   173.5   228.5   243.5   364.0   473.7   525.5   558.0   592.7   632.3   688.0   849.7  2262.2  9890.3  29775.5    29941
read      394.3   217.0   173.5   223.7   237.7   339.8   427.7   487.1   527.0   568.9   616.5   681.5   856.9  1871.6  6430.5  41280.5    41162
read      393.4   323.6   173.5   221.9   234.7   331.4   416.2   477.8   518.6   560.2   608.5   674.5   886.9  3197.9 11342.0  43932.5    43863
read      428.3   348.6   173.5   228.3   243.4   399.0   484.7   520.8   543.2   569.6   600.0   654.0   926.5  3562.2 12844.6  20372.0    20318
read      357.0   310.7   173.5   222.3   235.2   318.1   366.5   395.6   419.0   449.4   491.7   560.8   763.3  4187.4 10960.6  93434.0    93421
read      393.8   292.0   173.5   223.3   236.5   330.8   405.5   463.6   504.6   548.7   598.5   671.5  1147.4  3459.1  6506.6  48681.0    48578
read      404.3   349.6   173.5   222.8   236.0   335.7   428.3   491.6   531.2   573.3   622.3   690.6  1005.1  3676.8 16579.2  40503.0    40595
read      434.6   424.2   173.5   228.7   243.8   408.1   482.5   515.4   537.2   562.8   594.3   658.3  1087.1  5517.3 17353.9  17511.5    17677
read      363.5   373.1   160.7   221.2   233.2   315.0   366.9   400.3   428.6   465.0   514.5   590.8   847.0  4343.2 16554.6  78907.5    78948
read      426.7   350.8   173.5   243.8   265.1   410.1   454.2   476.3   493.4   511.2   542.3   591.9   846.0  4964.8 13757.0   9648.5     9703
read      428.4   274.6   173.5   248.3   270.0   411.2   458.4   483.3   499.9   520.1   545.5   593.2   797.2  4366.4  8182.8   9665.0     9686
read      438.2   404.5   187.4   254.5   279.7   412.1   454.9   476.5   493.7   511.7   543.1   593.2   999.6  5155.3 22495.3   7968.0     7968
read      437.1   363.4   187.4   238.6   256.8   418.1   484.5   513.0   534.4   558.4   589.9   642.7   864.3  4487.3 15792.3  15860.5    15830
read      444.0   478.9   187.4   255.9   280.4   413.3   456.6   480.7   498.3   519.0   545.4   603.3  1083.6  7587.9 21459.7   8243.0     8192
read      361.9   311.9   173.5   221.3   233.3   316.6   369.3   403.3   431.7   467.5   516.4   589.6   866.8  3708.5 10280.8  79322.5    79410
read      362.7   261.0   160.7   222.6   235.3   317.8   371.2   406.5   435.7   474.0   525.8   597.6   817.4  3622.2  6423.0  76380.0    76582
read      385.1   326.8   173.5   223.0   236.2   324.3   391.7   441.4   482.8   529.8   581.8   650.6   906.0  4220.6  8433.6  54654.0    54634
read      373.4   394.4   160.7   222.0   234.6   319.8   376.7   414.6   445.9   486.7   539.4   618.2   898.4  4676.8 14287.4  71968.5    72177
read      444.8   522.8   173.5   234.1   250.0   421.2   485.9   515.3   536.5   560.9   591.4   650.3   904.0  5887.1 30032.9  15184.0    15101
read      446.2   470.9   187.4   250.8   275.0   415.0   457.9   480.1   496.5   515.5   545.5   604.3  1097.8  9164.5 14829.2   8169.5     8167
read      407.3   344.4   173.5   226.8   241.4   350.3   428.7   479.7   517.8   560.3   611.5   683.7  1069.4  3970.5  9181.7  43867.5    44130
read      389.9   341.9   173.5   223.0   236.3   327.6   397.0   448.7   490.2   536.0   589.2   666.9  1014.6  3719.6  9633.6  53155.5    53047
read      364.0   544.1   160.7   222.2   235.0   318.3   367.4   396.1   418.8   447.5   487.8   550.5   772.9  5524.3 31334.1  97110.0    97171
read      359.4   346.2   173.5   221.5   233.5   315.5   367.2   399.7   426.9   461.6   508.6   581.6   786.4  3883.4  9388.9  81488.0    81360
read      363.3   316.7   173.5   221.9   233.9   317.1   370.5   404.7   433.6   470.9   522.7   594.2   806.9  4199.3  6920.6  77221.5    77277
read      405.1   318.4   160.7   224.1   237.6   338.3   435.0   494.6   533.3   574.4   620.3   687.7   968.6  3890.7  9599.9  38599.0    38294
read      442.0   361.7   173.5   242.8   261.9   424.2   479.1   505.7   526.3   548.0   581.8   635.3   896.5  5315.8 13888.1  11179.5    11165
read      372.0   342.8   173.5   222.4   235.2   319.9   375.1   412.5   442.5   482.7   535.6   615.5   891.9  5378.3 10276.1  73874.0    74155
read      433.4   330.9   173.5   237.2   254.9   418.2   470.4   497.4   516.3   539.9   571.1   622.4   873.4  6219.6 10949.8  12257.0    12255
read      392.7   286.1   160.7   224.7   238.5   334.1   405.2   458.6   499.9   546.1   599.8   675.3   935.5  3926.5  8322.5  52184.0    52404
read      439.4   343.8   160.7   232.3   248.0   417.7   491.9   525.1   546.4   573.2   606.0   665.4  1091.9  4068.8  9161.8  17074.5    17057
read      441.9   577.7   187.4   264.5   297.5   404.7   443.1   463.6   479.4   500.6   531.3   588.8  1410.1  5511.1 29442.0   6034.5     6005
read      366.3   324.0   173.5   223.3   236.2   319.8   371.8   405.3   432.6   466.9   513.9   586.8   875.2  4747.9  9491.4  85120.5    85707
read      366.3   287.1   173.5   223.2   236.6   322.0   377.2   413.4   442.0   477.8   526.3   596.3   808.6  3631.5  8305.8  79881.0    79742
read      383.3   341.9   173.5   223.1   236.3   324.9   390.9   440.8   481.8   528.9   582.7   660.6   962.7  3178.0 17173.9  58057.0    58322
read      429.0   450.9   173.5   225.5   239.6   368.0   480.0   524.9   552.3   582.8   622.3   682.0  1000.8  5498.3 22825.9  26101.0    26212
read      369.6   252.6   160.7   222.1   234.8   319.7   376.8   416.1   448.6   490.7   545.0   623.3   869.8  4015.7  7869.9  69466.5    69487
read      418.5   396.4   173.5   224.3   238.0   353.7   467.5   515.8   545.7   578.8   618.9   678.8   916.3  4645.5 19830.3  29383.5    29507
read      387.2   274.1   160.7   223.2   236.4   326.7   398.6   455.2   498.1   547.4   603.5   676.9   891.6  2981.2  6140.4  51702.0    51412
read      367.2   240.2   160.7   222.2   234.7   319.2   376.3   417.0   451.4   495.4   548.2   622.5   804.8  3327.2  9061.2  67294.0    67374
read      397.8   534.1   173.5   223.4   236.8   327.2   394.7   445.8   487.8   536.6   590.2   663.4   909.6  6767.6 25691.8  55332.0    55125
read      390.0   404.6   173.5   223.5   236.8   327.1   395.9   451.4   495.7   546.6   600.4   669.5   879.3  5316.4 13740.3  53031.5    53048
read      436.6   391.2   173.5   238.9   256.5   417.3   471.4   499.4   519.1   541.7   574.8   627.9   901.8  7026.3 12495.3  12197.5    12192
read      411.3   283.1   173.5   225.7   239.9   347.9   447.2   506.4   543.3   582.8   629.4   693.0  1015.6  2912.6 11793.4  35935.0    36138
read      375.2   261.6   173.5   222.1   234.5   320.5   383.3   428.0   466.1   513.3   567.2   641.9   888.8  3474.4 10014.4  60704.5    60799
read      409.9   398.0   173.5   224.4   237.8   340.0   440.8   501.5   538.0   576.1   620.1   684.9   938.3  5215.2 10829.5  36485.5    36368
read      415.0   432.4   173.5   224.3   237.9   337.1   431.6   496.2   538.5   580.5   627.4   692.6  1055.3  6122.6 15936.7  39684.0    39729
read      360.8   334.1   173.5   223.7   237.1   320.9   370.7   400.8   424.9   455.0   496.6   566.6   831.5  3726.4  8075.2  96061.5    95693
read      402.1   278.8   160.7   223.6   237.5   335.8   428.6   492.2   532.4   574.1   622.3   688.3   920.7  4005.8  9218.7  40861.0    40999
read      371.3   325.0   173.5   222.0   234.6   318.0   375.7   418.4   455.0   500.8   554.9   631.4   833.8  4050.8  8795.1  64966.0    65037
read      448.6   701.9   187.4   237.2   253.8   412.2   466.4   493.2   510.8   534.3   563.4   617.4   964.2 10075.7 30998.3  12667.5    12633
read      390.1   366.9   173.5   222.0   234.7   323.9   397.8   455.7   498.5   545.5   594.1   664.3   934.3  3868.4 10666.2  49962.0    50117
read      381.0   437.5   173.5   221.7   233.9   319.2   378.4   422.5   459.7   506.4   563.1   634.9   943.7  4351.7 22438.1  62436.0    62765
read      431.4   467.5   173.5   239.2   257.1   416.4   467.9   493.6   510.2   532.5   559.2   612.3   907.9  4309.3 15991.7  12311.0    12379
read      395.1   335.3   173.5   223.5   236.7   331.3   404.3   461.0   504.6   551.4   603.6   676.7  1023.3  4289.9  7571.0  49423.5    49369
read      400.0   415.8   173.5   223.9   237.4   336.4   430.9   489.1   526.9   566.7   612.4   676.5   869.3  3131.2 22470.5  39054.0    39111
read      392.8   374.1   173.5   222.8   236.4   328.0   397.8   452.9   496.2   544.1   600.3   675.1   967.2  4369.0 10918.5  52829.5    52692
read      435.0   484.7   173.5   225.8   239.9   373.4   476.9   520.5   547.2   579.1   618.5   682.1  1267.0  7747.4 22758.4  24723.5    24539
read      385.1   375.5   173.5   223.0   236.1   327.5   391.2   435.2   472.5   518.1   572.0   649.9   912.7  5781.0 10046.4  61320.0    61591
read      391.5   278.4   160.7   223.3   236.6   330.9   405.4   462.9   506.7   553.7   605.9   675.6   913.1  3625.0 10646.4  48009.0    47864
read      420.2   233.1   173.5   231.5   247.0   410.9   479.1   508.2   528.9   549.9   581.6   630.1   805.4  2798.6 10173.8  16564.5    16479
read      368.8   335.5   173.5   222.8   235.6   320.2   375.3   411.4   440.7   478.5   531.0   612.1   897.3  3948.0  8327.6  75659.5    75268
read      429.9   289.9   187.4   251.0   273.7   410.5   456.2   479.7   497.5   518.2   545.1   589.9   927.9  3969.7  9693.6   8683.0     8714
read      442.1   314.8   173.5   243.7   263.7   422.6   483.1   510.9   531.5   553.0   585.7   642.1   917.7  3947.8 12608.7  13026.0    13002
read      368.4   299.5   173.5   222.6   235.3   322.3   377.6   412.8   441.7   479.3   529.9   609.1   857.1  3936.9  6960.9  76797.0    77147
read      403.7   398.7   173.5   226.0   240.0   335.1   417.4   477.5   519.3   562.9   612.4   678.9   973.1  5207.4 15224.5  43677.0    43518
read      421.1   251.3   173.5   228.1   242.9   369.7   478.9   526.0   555.3   589.2   630.9   689.5   916.6  3236.7  7900.8  26860.5    27206
read      389.9   283.4   160.7   225.9   240.3   337.4   404.0   452.6   491.1   536.8   591.8   670.9   888.9  3572.7  8498.2  56213.0    55859
read      398.8   191.1   173.5   226.7   241.9   348.0   441.7   500.3   536.1   573.5   615.8   673.6   795.8  1892.9  6276.3  37723.0    37448
read      399.1   234.9   160.7   227.9   242.9   346.3   426.6   482.9   524.0   568.4   618.9   687.3   833.7  2526.1  7972.2  44917.5    45026
read      358.9   267.5   160.7   223.9   237.7   325.7   375.6   405.6   430.3   461.0   502.3   572.5   790.8  2103.3 11321.0 100211.5    99974
read      368.0   340.2   173.5   219.6   230.8   313.6   370.7   411.2   447.0   492.5   547.0   624.4   858.8  4881.7 10278.4  64845.0    64632
read      397.1   586.0   173.5   220.9   232.4   318.8   390.2   446.4   490.3   536.5   586.0   658.9   936.9  7484.8 30825.7  48776.5    49061
read      361.8   351.4   173.5   220.3   231.7   313.6   365.6   398.8   426.9   462.1   510.5   588.0   873.0  4182.9 11005.6  80412.5    80418
read      430.3   626.4   173.5   226.6   241.3   395.1   466.4   497.1   517.8   541.6   574.7   627.2   853.1  7104.0 31196.6  16532.5    16471
read      392.5   296.1   173.5   220.2   231.8   330.0   427.9   485.0   519.7   553.9   593.9   657.6   939.4  3342.0  9716.9  35589.0    35694
read      434.4   659.8   173.5   229.0   245.1   395.2   454.3   481.5   500.2   523.4   551.9   606.7  1224.2 10465.8 30360.5  13981.0    13935
read      356.6   356.4   173.5   219.1   229.6   308.3   358.1   391.6   418.8   455.7   506.2   583.8   830.3  4657.6 12350.0  79568.5    79838
read      392.7   354.1   173.5   220.0   231.5   320.3   394.2   452.7   496.1   540.9   592.2   668.5  1277.4  4413.1 12461.3  48753.5    48842
read      442.8   782.9   173.5   224.7   238.8   391.4   464.8   496.3   517.2   540.8   573.8   629.1  1305.3  8818.0 31567.9  17862.0    17708
read      417.5   600.0   173.5   220.6   232.5   336.8   441.0   495.4   528.0   562.1   602.6   671.5  1271.3  6280.5 36176.9  31304.5    31401
read      391.6   417.3   173.5   223.2   236.7   328.3   390.8   435.3   472.9   523.1   584.6   671.2  1089.4  4764.5 16018.1  62091.5    62091
read      355.1   261.2   160.7   220.1   231.2   312.0   361.1   391.9   416.7   449.4   496.7   571.7   914.5  3373.3  9070.5  87031.5    87121
read      366.3   442.9   173.5   220.9   232.6   315.2   366.1   399.0   426.7   462.0   509.3   585.8   852.1  4978.6 13809.1  82032.5    81929
read      391.2   333.3   173.5   220.1   231.8   323.7   408.5   471.9   512.7   555.6   601.6   671.5  1008.2  3045.8 15563.3  41731.5    42013
read      353.3   387.6   173.5   219.8   230.8   309.4   357.3   387.2   410.2   440.5   484.6   551.0   742.7  5289.8 10247.1  90967.0    90709
read      379.7   391.4   160.7   221.2   233.4   318.4   375.5   417.2   451.4   495.4   551.2   641.8  1215.3  4727.0 20680.1  67751.5    67578
read      374.4   389.5   160.7   219.6   230.6   312.5   372.0   420.2   461.3   509.9   565.6   637.1   920.6  5302.1 11901.9  58229.5    58116
read      376.5   414.9   160.7   220.9   232.7   318.3   375.5   416.1   450.0   493.5   548.3   629.7   941.3  5210.6 18095.5  68824.0    68886
read      353.2   331.7   160.7   220.3   231.6   312.5   360.3   389.4   411.9   441.5   484.3   551.7   799.6  4643.7  9712.9  93444.0    93119
read      370.1   400.0   173.5   223.5   237.3   329.2   379.6   410.2   433.8   463.8   504.0   571.4   794.4  5314.9 12671.9  95098.0    95079
read      366.9   445.6   173.5   220.8   232.6   315.6   368.9   403.7   433.5   470.9   522.5   598.9   809.4  4616.4 29026.6  77198.0    77456
read      422.5   367.5   173.5   226.8   241.9   402.2   465.8   496.0   516.6   540.1   573.2   632.7   927.7  5099.2 13829.5  15578.5    15723
read      428.4   464.1   187.4   237.9   256.2   403.3   450.8   473.2   492.0   511.4   541.5   594.3  1011.9  5327.7 17561.5  10079.0     9867
read      432.5   347.9   187.4   250.2   273.6   406.5   450.9   474.0   492.1   510.5   541.0   594.3  1021.2  5074.7 12136.8   8143.0     8176
read      366.1   472.6   173.5   219.9   231.1   313.2   362.5   393.8   419.0   451.9   497.4   568.9   860.8  6218.9 16734.4  89301.5    89745
read      441.7   799.8   173.5   234.3   251.1   400.6   450.9   475.9   493.4   511.6   540.1   591.3   996.9  8572.4 32410.8  11177.5    11058
read      362.6   399.7   173.5   220.1   231.3   314.0   366.0   399.9   428.2   464.4   514.9   589.0   827.0  4858.8 10227.8  81324.5    81413
read      426.6   419.5   173.5   224.9   238.9   381.2   472.7   511.4   536.2   564.6   599.7   661.7   925.3  7315.5  8134.0  21361.0    21659
read      416.7   371.0   173.5   222.5   235.8   357.8   467.7   513.2   540.8   572.5   612.4   678.6  1010.6  3735.5 13137.6  26781.0    27181
read      421.6   342.8   173.5   225.2   239.6   393.5   466.9   498.5   520.3   544.8   579.3   634.6  1099.5  3806.8 13709.7  17317.0    17420
read      417.5   472.9   173.5   222.3   235.9   365.4   464.7   504.0   528.8   555.2   589.0   642.5  1097.4  5260.6 18559.6  22973.0    23028
read      426.2   653.6   173.5   222.1   235.3   340.4   445.4   502.0   536.8   574.2   618.4   684.5  1161.7  9711.7 31794.9  33622.5    33694
read      395.7   302.0   173.5   219.8   230.9   332.2   437.9   491.9   524.6   557.8   597.0   660.4   931.4  3573.5  9867.7  32610.5    32735
read      380.3   389.0   173.5   220.4   232.2   319.2   382.3   429.5   468.7   516.1   570.1   641.0   859.2  5341.4  9612.8  57644.5    57645
read      388.9   419.1   173.5   219.9   231.1   321.1   399.3   458.5   499.7   541.5   589.7   658.7   880.4  4534.1 15769.4  45389.0    45216
read      390.7   407.6   173.5   221.7   234.3   324.3   390.1   436.5   477.7   527.8   586.5   669.3  1059.6  4919.8 12559.1  57456.5    57659
read      355.6   406.2   160.7   219.2   229.9   309.3   357.2   388.1   412.8   446.4   493.4   566.1   776.8  5032.6 12903.9  85187.0    85443
read      423.3   229.0   173.5   231.1   247.1   407.8   472.3   502.5   523.5   545.9   580.8   637.2  1058.4  3186.6  6754.1  14332.0    14390
read      423.4   554.2   160.7   221.7   234.2   344.1   448.2   501.7   534.2   570.3   614.4   683.7  1240.6  9516.5 28436.1  31289.5    31520
read      372.7   473.4   173.5   219.2   229.8   311.4   365.4   404.1   438.1   482.6   537.4   611.7   934.7  5631.3 28280.4  67009.5    67089
read      432.4   523.5   173.5   228.3   243.3   396.1   465.0   495.5   516.1   540.5   575.9   640.4  1022.6  8698.5 20248.7  16627.5    16537
read      419.0   354.9   173.5   225.5   240.0   390.0   469.2   501.4   524.0   548.4   584.1   639.4  1061.2  3802.2 16973.7  18786.5    18930
read      387.9   392.4   173.5   220.6   232.4   320.7   396.5   455.4   498.9   543.4   592.2   663.0   943.8  4846.0  7654.2  47066.5    46784
read      367.2   314.7   173.5   222.8   236.1   324.6   376.2   406.5   431.6   462.9   505.1   578.1   890.5  4203.4  8758.6  92919.0    93102
read      365.7   320.7   160.7   222.0   234.8   322.4   374.6   405.8   431.2   463.2   506.7   581.5   906.3  3827.5 11104.3  89473.5    89799
read      381.0   536.0   160.7   220.8   232.3   316.9   372.3   412.0   445.7   488.7   541.5   616.6   959.0  7618.1 29348.0  66876.5    66551
read      362.5   360.2   160.7   221.0   232.8   316.4   365.3   396.1   420.7   451.9   495.6   569.2   935.0  4515.8  8053.2  92850.5    93104
read      389.4   376.7   173.5   220.5   232.3   320.7   401.4   461.9   501.8   542.1   587.6   655.4   925.8  3893.8 15971.7  43715.0    43768
read      381.3   436.2   160.7   219.7   230.8   316.4   378.2   429.8   471.8   521.2   577.5   648.1   938.8  4629.8 24167.5  54317.0    54006
read      372.2   302.3   173.5   220.6   232.1   316.7   374.1   417.3   453.5   497.6   552.2   629.5   923.8  4069.2 10815.8  64707.5    64618
read      350.0   327.9   160.7   219.0   229.4   307.0   352.9   382.6   405.2   437.3   483.8   553.8   805.5  3915.4 10546.8  86418.0    86482
read      376.1   442.0   173.5   221.3   233.5   320.9   377.8   413.8   442.4   479.4   531.4   615.8   919.4  5559.7 15529.7  77288.5    77459
read      382.1   566.6   173.5   220.0   231.3   314.1   371.7   417.1   456.6   506.0   561.6   636.0   894.7  6336.8 31234.9  61546.0    61365
read      390.9   596.6   160.7   220.1   231.3   316.8   383.6   435.2   476.3   522.9   573.8   640.4   971.1  6279.8 31472.5  52387.5    52346
read      389.2   519.8   173.5   224.2   237.9   330.6   385.7   419.5   446.3   481.1   529.9   613.0  1182.8  5949.2 30786.5  87128.0    87286
read      424.8   373.4   173.5   227.1   242.3   398.5   473.3   505.5   528.9   554.4   589.8   646.7  1042.0  4017.9 12700.8  17247.5    17384
read      349.5   366.5   173.5   219.6   230.5   309.6   355.5   383.6   404.1   432.2   470.2   537.4   759.2  4849.6 12729.8  98330.5    98165
read      379.2   351.1   173.5   220.7   232.6   320.5   381.9   424.5   461.3   506.9   564.5   640.4  1080.3  3436.1 11699.3  63198.0    63330
read      412.5   373.8   187.4   255.4   281.8   383.0   418.3   435.7   452.3   469.8   497.5   549.1  1089.5  8370.0 11818.9   5791.0     5866
read      414.8   443.7   173.5   226.3   240.8   353.1   436.7   491.3   527.1   565.0   611.7   682.2  1090.5  4683.3 21346.7  37215.5    37693
read      362.3   313.9   160.7   219.9   230.8   313.3   365.1   399.7   429.8   468.7   521.8   598.5   989.3  3363.3  9472.3  75604.0    75360
read      414.7   613.9   173.5   220.7   232.5   333.5   435.2   490.1   523.6   557.6   599.1   666.9  1130.7  9018.2 29402.4  34583.5    34753
read      392.8   676.0   173.5   220.3   231.9   316.3   376.7   422.9   462.0   507.9   563.8   636.2   967.6  7418.5 35539.0  59715.5    59823
read      379.5   426.3   173.5   221.3   233.4   320.1   379.3   419.8   453.6   497.7   553.2   633.2   934.0  5515.8 19562.2  68074.5    68266
read      402.3   364.1   173.5   221.0   233.2   329.5   423.1   482.9   522.0   563.2   608.9   680.5  1078.8  4272.8 10086.7  39380.0    39383
read      378.7   367.5   173.5   221.6   233.6   319.4   380.0   423.2   459.3   506.3   563.5   643.1  1011.6  3912.0 16574.7  65322.0    65072
read      399.7   319.0   173.5   219.9   231.4   334.9   440.5   494.7   528.3   563.7   606.3   671.1   990.8  3398.7  9762.4  33229.5    33192
read      389.6   544.5   173.5   219.5   230.5   317.7   387.0   440.3   483.8   531.8   586.4   660.5   915.1  4983.3 18714.5  51843.0    51847
read      376.5   479.2   173.5   220.0   231.2   315.0   371.8   415.5   453.6   501.9   559.9   632.2   889.9  5136.8 24255.2  62263.0    62362
read      363.1   440.1   173.5   219.8   231.0   312.6   362.7   394.6   421.0   456.3   505.5   585.6   893.7  4829.3 24426.3  84561.5    84073
read      373.7   467.0   160.7   219.5   230.2   311.0   365.8   406.3   443.7   491.5   546.1   624.8  1020.4  5330.0 15522.4  64307.0    64213
read      404.7   384.4   173.5   220.9   232.8   347.6   451.4   496.9   524.7   552.5   588.4   648.1   959.7  3797.7 19773.8  27133.0    27059
read      376.6   362.0   173.5   219.3   230.2   315.1   378.9   429.5   471.9   520.2   572.1   641.7   912.6  4373.1 12932.3  54760.5    54703
read      351.3   469.2   173.5   219.1   229.8   308.6   353.5   381.4   402.4   431.6   470.8   538.4   749.9  5349.5 17532.5  98479.0    98366
read      401.0   263.9   173.5   220.9   233.2   343.5   451.9   500.5   531.1   564.5   604.9   668.9   940.1  3364.4  7997.3  29410.0    29565
read      370.8   315.1   173.5   220.8   232.7   319.4   375.2   411.8   442.8   483.8   537.5   618.9   930.4  4385.3  9142.1  74995.5    75000
read      376.9   320.7   173.5   220.1   231.7   317.9   377.6   422.4   460.1   507.7   564.0   640.9   993.3  4407.4 12467.5  62343.0    62235
read      385.0   338.9   173.5   219.7   230.6   317.7   391.7   450.3   493.4   538.3   587.4   657.7   969.2  4379.7  9931.0  47717.0    47788
read      364.3   389.6   160.7   218.8   229.2   308.6   362.0   399.7   433.5   478.7   537.1   614.4   910.5  4627.6 12737.1  68736.0    68928
read      393.0   336.7   173.5   219.4   230.6   328.5   422.5   477.7   513.6   549.8   592.1   657.7   920.4  3714.8 12652.9  36374.0    36478
read      368.5   372.8   160.7   219.3   230.1   313.7   367.8   403.0   433.4   473.4   528.1   607.6  1060.6  4518.0 14730.9  76497.0    76067
read      382.2   331.2   173.5   218.9   229.7   316.2   390.8   450.2   491.7   537.0   587.3   659.8   864.8  3769.7 13740.1  47023.0    47020
read      369.0   472.8   160.7   220.0   231.1   314.9   365.7   398.3   425.9   461.6   510.3   590.3   921.7  5825.5 18053.7  81429.5    81656
read      428.9   319.6   173.5   228.4   243.9   403.0   474.4   505.0   527.8   552.2   584.0   636.8  1092.7  4681.3  9670.3  16508.0    16396
read      421.9   477.8   160.7   222.2   235.1   371.8   463.3   499.5   523.7   549.5   587.7   650.2  1051.5  7341.6 13499.9  21521.0    21661
read      396.2   564.6   173.5   219.4   230.4   317.0   386.9   441.9   485.6   532.5   584.4   657.9  1229.4  6712.8 30056.4  50131.5    50156
read      378.8   370.3   173.5   220.0   231.1   318.2   385.2   435.4   476.5   523.9   577.1   646.5   864.1  4391.9 11711.1  54200.0    54102
read      381.6   376.4   173.5   221.1   233.3   321.8   381.0   421.8   456.4   502.0   561.4   640.7  1210.1  4781.3 12827.8  65919.5    65670
read      423.3   315.7   173.5   227.3   241.8   395.4   469.4   503.3   525.5   548.3   582.5   643.2  1011.3  4180.6  9875.1  17488.0    17584
read      416.6   343.8   173.5   223.0   236.6   346.3   456.2   510.9   543.9   580.1   622.9   686.9  1010.9  5356.0 10651.7  30139.0    30347
read      416.3   265.7   173.5   224.3   238.1   377.3   471.1   509.5   535.2   564.6   601.8   667.7  1012.8  3909.6  9399.7  21334.0    21534
read      450.9   696.5   187.4   239.2   259.0   408.9   458.7   483.5   500.6   522.4   549.6   614.0  1215.7 10241.4 30902.1  10099.5    10216
read      368.5   448.0   173.5   220.5   232.3   316.0   366.9   398.8   426.0   461.9   510.1   586.4   983.6  5267.5 20464.4  80206.5    80544
read      390.6   563.9   173.5   218.7   229.2   314.8   390.0   449.7   492.5   535.7   581.1   643.2  1017.1  5044.3 31237.2  45342.0    45508
read      415.0   336.2   173.5   222.9   236.1   371.8   463.9   501.9   526.3   551.6   588.8   650.7   966.0  5601.3 10712.8  21592.0    21591
read      419.8   262.8   173.5   226.9   242.4   402.7   468.8   500.0   521.6   545.2   581.0   638.7   965.3  3430.2  8771.2  15585.0    15435
read      421.9   374.3   173.5   229.1   244.8   402.7   465.1   494.3   513.9   539.9   572.8   625.4   903.3  4382.7 16617.9  14657.5    14502
read      439.6   710.1   173.5   227.9   243.2   398.9   469.5   502.2   524.8   548.6   580.7   634.4  1146.5  7296.1 40554.9  16371.5    16369
read      392.4   329.2   173.5   220.9   232.7   325.7   407.1   465.9   506.3   547.7   596.1   665.1   995.3  4069.7  9932.2  42112.0    42077
read      410.0   575.5   173.5   219.4   230.7   325.7   418.5   478.5   517.6   557.5   601.7   674.1  1146.0  6903.8 30566.8  38436.5    38334
read      446.3   646.7   173.5   227.9   243.0   404.2   482.0   516.8   540.1   567.7   602.0   669.4  1196.2  7773.0 32262.6  17714.5    17694
read      373.5   494.3   160.7   220.5   232.1   315.5   368.8   403.4   433.2   472.2   526.1   607.0   960.1  6412.0 22346.8  74629.0    75056
read      399.8   452.8   173.5   223.7   237.4   332.8   398.6   450.3   494.0   544.9   605.6   683.0  1113.2  5444.6 19304.1  53924.5    53845
read      420.6   324.3   173.5   230.7   247.0   404.1   458.6   485.5   504.0   527.9   556.9   611.8   970.7  3997.5 15472.5  13237.5    13319
read      361.3   338.2   160.7   219.7   230.4   312.3   362.6   394.9   422.3   459.1   511.8   585.7   927.5  4266.3 11716.1  77743.0    77808
read      388.9   346.2   160.7   219.7   230.7   321.1   401.3   460.2   502.0   547.5   593.4   661.1   994.5  3930.4 13030.1  44447.0    44423
read      417.9   441.9   173.5   222.1   235.2   363.1   467.5   512.3   542.6   575.5   615.2   676.7  1016.8  4180.5 22056.3  25482.5    25669
read      387.8   459.9   173.5   221.6   234.2   322.1   381.5   422.7   457.7   504.2   561.1   640.5  1121.0  5587.1 19532.2  66347.0    66463
read      395.9   316.2   173.5   220.5   232.6   332.1   428.4   487.1   522.7   559.8   602.5   665.6   907.4  3389.2 12567.3  35464.5    35396
read      447.9   712.5   173.5   226.7   241.7   358.9   463.5   521.1   557.8   597.5   646.5   725.5  1301.1  9978.8 32150.9  33874.0    33885
read      572.4   748.9   173.5   244.3   265.6   422.3   482.3   518.9   549.5   604.9   749.1  1477.6  3876.1  8733.5 16057.9  11761.5    11712
read      390.9   332.7   160.7   224.1   238.3   336.8   408.0   460.0   499.1   541.7   592.4   661.8   822.8  4876.1 13641.4  51489.0    51485
read      369.9   154.6   173.5   223.2   236.9   331.0   393.5   436.6   472.2   515.6   566.0   633.2   752.6  1171.1  4478.7  58844.0    59378
read      345.9   158.5   160.7   220.9   233.0   317.2   366.4   396.2   419.6   448.7   488.7   550.6   699.9  1620.7  5811.2  94663.0    94757
read      364.6   238.9   173.5   222.1   235.1   326.4   382.9   418.4   447.5   484.8   535.1   610.1   777.0  2292.3  9465.1  71616.0    71707
read      410.5   279.8   187.4   261.1   289.3   390.9   428.2   448.8   463.3   483.1   511.1   561.5   692.7  5078.6 12322.7   6199.0     6184
read      392.1   222.1   173.5   226.6   241.6   351.9   419.7   463.1   497.4   537.8   587.2   658.7   813.7  2682.5  9211.5  52031.5    52631
read      402.7   220.6   173.5   225.1   239.7   357.3   455.7   507.4   539.6   574.7   615.9   672.6   787.5  1611.0  6343.1  31165.5    31188
read      351.6   409.0   160.7   219.1   229.8   308.2   355.9   386.5   410.1   441.6   486.6   553.1   747.3  4180.4 19129.7  92494.5    92326
read      351.8   333.2   160.7   218.7   229.1   306.3   355.3   389.5   417.9   456.1   506.4   577.7   736.7  3465.6 12963.9  78139.0    78268
read      350.7   425.8   160.7   216.4   227.0   301.2   347.9   381.1   409.4   449.8   502.0   578.2   789.2  4584.3 14548.4  78889.5    78655
read      396.8   513.9   173.5   219.1   230.1   332.4   441.6   491.1   521.3   550.3   586.3   640.6   799.4  4992.4 27544.2  29939.0    29798
read      350.1   277.1   160.7   219.8   231.2   311.5   359.2   389.1   412.1   442.3   484.8   550.3   782.3  3235.3 12162.7  95846.5    96196
read      389.1   343.6   160.7   219.8   231.2   324.4   411.6   473.6   512.2   548.8   591.9   655.6   818.3  4664.5 10576.0  39247.0    39289
read      410.7   300.0   173.5   227.8   243.3   396.7   454.0   480.4   498.4   519.0   544.0   590.0   843.2  3796.3 12358.5  13738.5    13806
read      355.2   417.8   160.7   218.6   228.9   307.4   356.4   388.2   413.4   446.9   493.6   569.6   868.7  3621.2 14785.9  86250.5    86543
read      357.5   385.8   160.7   217.2   227.8   305.1   357.9   397.2   431.5   476.9   533.1   605.8   782.7  3585.0 12847.9  67449.0    67095
read      422.9   494.7   173.5   226.1   240.7   393.5   456.4   485.3   504.0   527.7   555.9   609.6  1107.9  7615.3 18973.6  15057.0    15164
read      422.7   637.3   173.5   221.3   233.7   366.6   458.3   494.7   518.4   544.4   581.4   636.8   965.1 10321.4 21971.5  21499.5    21544
read      360.9   377.7   160.7   218.7   229.3   307.8   358.2   392.2   421.4   459.8   509.5   585.8  1022.5  4213.6 12844.9  80370.5    80587
read      343.7   241.5   160.7   217.5   227.9   302.8   346.3   374.9   399.0   430.7   477.1   549.6   873.1  3067.7  8119.0  91335.5    90870
read      418.7   327.1   173.5   225.5   240.2   392.7   469.8   502.7   524.5   547.0   580.7   635.3   895.2  3757.0 12699.2  18397.0    18274
read      387.7   242.9   160.7   218.1   228.8   329.7   429.1   482.1   514.7   548.1   586.8   642.6   851.5  3623.5  7992.5  33513.5    33727
read      401.8   259.0   173.5   231.5   249.0   391.8   440.6   464.2   481.1   500.4   527.1   575.4   774.6  2400.1 10550.6  11372.0    11433
read      401.3   250.0   173.5   224.3   239.0   383.9   456.9   487.8   506.9   531.0   560.0   612.4   778.8  1842.6  8559.6  17086.5    17009
read      368.2   308.7   160.7   218.8   229.3   312.2   369.7   413.8   453.5   502.7   558.8   630.2   938.6  3650.7 10218.6  61118.0    61531
read      347.6   299.5   160.7   216.4   227.2   304.1   352.7   386.2   414.1   453.1   505.4   578.6   777.8  3325.8 10151.9  77662.0    77691
read      352.2   218.4   160.7   216.8   227.6   307.0   357.9   393.1   423.4   464.5   517.6   591.3   831.3  3179.8  5736.5  75552.0    75329
read      358.0   455.3   173.5   218.4   229.0   309.4   359.1   392.0   419.2   455.4   505.5   583.7   793.8  5401.3 16076.9  79866.0    79936
read      352.0   278.2   160.7   217.0   227.5   303.7   352.9   387.8   417.5   459.0   513.5   590.8   887.5  3566.2 11101.7  74839.5    74872
read      412.5   374.6   187.4   245.7   269.4   387.8   428.4   451.3   467.1   487.4   509.6   557.4   812.8  7846.4 13433.4   7485.5     7464
read      416.8   281.2   173.5   238.7   258.0   401.2   456.8   483.9   502.2   524.7   550.2   599.8   835.0  3790.7 13111.7  12157.0    12219
read      430.5   365.8   173.5   235.0   252.2   397.0   474.7   511.6   536.3   564.3   597.9   653.5   864.8  4228.0 10282.6  19819.5    19906
read      426.4   262.7   173.5   238.2   257.2   406.9   483.3   517.9   540.3   566.9   598.5   650.5   777.7  2366.5 12388.9  18261.5    18108
read      437.0   390.7   187.4   264.9   293.6   402.5   442.1   465.1   482.3   502.3   530.6   578.2  1001.4  6134.2 12499.7   6524.5     6498
read      455.3   743.1   187.4   273.0   302.2   402.2   442.4   464.8   482.6   504.6   538.6   603.8  1079.3  9932.5 31585.6   5844.0     5794
read      394.0   300.3   173.5   226.0   241.2   353.4   421.9   465.4   499.9   539.0   588.6   660.0   815.6  2236.9 12353.7  53813.0    54376
read      425.5   196.0   173.5   242.5   262.7   421.6   475.6   502.6   522.2   543.7   574.5   623.3   744.2  2547.7  8458.5  12547.5    12545
read      346.2   142.2   160.7   220.1   232.3   317.2   368.7   399.9   425.6   456.8   497.6   560.5   700.4  1032.6  4505.0  85814.5    86110
read      429.4   274.4   173.5   251.9   274.9   419.2   464.0   488.6   505.4   526.9   550.1   599.1   740.6  4711.7 11986.5   9713.0     9730
read      355.5   204.5   160.7   221.5   235.1   324.4   379.6   412.2   436.3   467.2   507.9   569.5   701.3  1901.5  8925.2  82121.5    82140
read      352.3   173.3   160.7   221.2   234.3   320.9   374.7   408.8   435.3   468.1   511.2   576.0   704.1  1026.9  5730.6  78526.0    78511
read      363.0   180.6   160.7   222.2   236.4   329.8   386.8   422.3   451.5   489.5   536.5   600.6   728.2  1604.0  5202.3  68215.5    68231
read      426.5   265.4   173.5   245.1   267.1   417.9   466.3   492.2   509.3   533.2   563.2   617.6   748.0  3878.3 10205.5  11563.5    11420
read      348.0   208.2   173.5   221.6   234.7   319.3   369.8   399.7   423.2   451.9   490.6   548.3   681.1  1039.2 10688.2  89388.0    89777
read      357.9   188.3   173.5   222.0   235.8   326.9   382.5   416.4   442.3   475.3   519.6   582.7   710.3  1221.6  8565.9  75338.5    75189
read      343.1   212.0   160.7   220.3   232.4   314.4   362.8   392.0   414.6   443.4   482.5   542.7   680.3  1299.6 10221.3  96250.0    96119
read      356.8   151.7   173.5   221.3   234.3   324.6   381.0   416.7   445.1   481.6   527.8   588.9   708.7  1068.1  5968.1  70162.5    69998
read      350.7   140.5   173.5   220.7   233.2   320.1   374.8   408.9   434.9   467.4   509.7   576.0   702.3   984.3  4120.3  79252.5    79345
read      420.4   220.9   173.5   232.1   248.9   399.1   483.5   520.3   544.7   573.1   607.5   663.1   792.4  1852.0  8088.3  22107.5    21991
read      348.4   157.3   173.5   222.4   236.2   322.5   372.4   401.4   424.4   452.0   488.6   545.5   683.8  1101.2  7427.8  99858.0    99920
read      427.2   319.3   173.5   238.7   257.1   417.2   476.5   504.6   525.1   546.7   579.3   631.2   753.8  3196.5 12430.3  15074.5    15067
read      345.7   209.6   160.7   221.0   233.4   317.3   367.4   397.5   420.8   448.9   486.0   542.9   678.6  1198.2  9238.2  96266.0    96201
read      411.2   229.8   160.7   228.2   243.8   371.2   471.5   518.5   546.5   578.6   618.5   678.8   794.4  1399.4  7731.4  28381.5    28442
read      419.3   251.6   173.5   231.7   248.0   390.1   482.2   521.7   546.1   576.7   614.8   670.7   793.1  1602.1 11784.9  23932.5    23738
read      424.1   269.3   173.5   249.2   272.8   412.5   457.7   480.8   498.3   519.2   547.0   591.9   729.5  4067.3 12045.2   9550.0     9437
read      340.2   163.8   160.7   220.2   232.5   315.7   364.3   392.9   414.5   440.5   475.8   532.2   657.1   946.0  7098.4  96765.5    97039
read      398.7   343.9   173.5   225.2   240.4   347.1   433.5   488.2   525.5   564.8   610.1   672.5   799.4  3061.4 11946.7  40070.0    39843
read      428.5   211.5   173.5   244.9   265.6   426.3   477.9   503.2   521.8   542.4   571.5   617.6   739.2  2471.1  9740.7  11745.5    11616
read      378.9   191.0   160.7   223.9   238.6   339.5   405.7   450.2   484.1   524.9   572.5   636.2   770.7  1633.0  6762.6  56251.5    56350
read      417.2   242.2   173.5   229.6   246.0   387.7   480.8   521.9   546.3   575.6   611.5   667.8   792.7  2318.2  8668.8  24663.5    24650
read      409.1   226.7   173.5   228.3   244.0   362.3   460.6   513.7   547.1   582.8   624.9   684.8   800.3  1797.2  8689.8  33857.0    33825
read      386.7   233.5   173.5   225.4   240.3   341.8   409.3   457.5   494.8   537.6   587.8   659.1   800.9  2780.8  7969.5  54074.0    54193
read      357.5   157.9   173.5   221.7   235.1   325.6   381.9   416.3   443.6   477.5   523.5   589.5   726.8  1058.9  7976.7  76347.5    76287
read      415.2   339.8   160.7   227.5   243.2   366.1   469.8   518.4   548.5   581.2   621.1   676.8   799.4  3325.2 17280.2  30600.5    30507
read      395.7   231.5   173.5   225.6   240.9   347.2   429.9   486.7   526.1   567.0   612.8   674.4   802.0  1090.3  9243.5  43555.5    43736
read      351.5   210.4   160.7   221.2   234.1   320.1   372.8   404.5   430.9   462.7   504.8   569.2   692.8   989.0  8020.0  81917.0    81903
read      354.8   179.4   160.7   221.8   234.9   324.3   379.3   412.8   438.9   471.2   515.6   580.1   705.5  1061.5  7707.1  80749.0    80570
read      342.0   170.5   160.7   219.9   231.7   314.4   364.3   393.9   416.9   445.8   485.2   545.9   678.6  1012.1  5093.7  90931.0    90992
read      355.3   186.6   160.7   221.1   233.7   322.7   377.3   411.1   436.7   469.6   513.2   581.2   715.2  1958.2  5209.4  79021.0    78961
read      399.2   212.8   173.5   226.1   241.4   351.9   442.3   498.5   532.8   569.5   613.0   673.5   797.2  1657.1  7972.9  37757.5    37791
read      340.9   154.9   160.7   220.4   232.3   314.0   362.7   392.3   414.8   442.6   480.6   538.9   667.7  1040.6  5957.1  97292.5    97764
read      360.0   204.5   160.7   220.9   234.0   324.4   381.3   418.1   447.4   484.5   531.1   596.1   733.6  1259.2  7768.3  71151.5    71081
read      410.4   250.4   173.5   227.3   243.2   361.8   466.9   518.3   550.2   585.1   625.2   682.2   811.9  1624.3 12568.0  32272.0    32361
read      399.3   213.3   160.7   226.1   241.7   352.1   436.3   492.2   530.0   569.9   617.4   684.0   812.9  1445.9  8491.8  41462.0    41597
read      395.1   255.7   173.5   224.5   239.7   347.5   440.3   494.2   527.7   563.1   603.8   660.9   766.2  1121.3 10198.5  36076.0    36321
read      338.8   171.6   160.7   220.3   232.1   311.7   358.6   387.7   409.6   437.8   476.2   536.1   668.0  1055.7  8977.1  97343.0    97570
read      378.5   219.8   173.5   222.6   236.9   335.3   403.0   454.2   493.8   535.9   580.3   640.9   771.9  1194.1 12064.0  50615.5    50500
read      406.6   204.9   160.7   225.8   241.3   360.2   459.6   510.9   542.4   578.9   620.7   679.1   800.0  3061.1  6608.7  32145.5    32308
read      438.4   279.4   187.4   241.8   260.7   428.5   488.2   515.4   535.7   558.7   589.0   641.0   763.2  4267.0 11232.7  14100.0    14115
read      369.0   147.6   173.5   223.0   236.7   333.2   394.8   433.3   465.5   505.5   554.2   626.2   775.7  1171.2  4032.5  64538.0    64826
read      362.4   221.7   173.5   221.6   235.0   327.1   386.7   424.7   454.7   491.4   536.9   598.0   727.8  1029.6 12294.9  67716.5    67795
read      344.7   150.3   160.7   221.1   233.6   316.9   368.2   398.8   423.0   453.1   493.4   550.4   676.3   970.1  4015.6  92429.0    92688
read      351.4   160.9   160.7   220.9   233.2   318.2   372.3   406.5   435.0   470.2   517.6   584.0   713.4   990.8  5450.0  74355.0    74427
read      406.8   206.5   173.5   226.9   242.5   360.5   462.2   513.9   545.1   579.8   621.0   677.6   798.8  1734.6  7704.4  31634.5    31361
read      377.3   160.1   160.7   223.4   237.9   337.7   405.3   453.2   490.0   530.6   576.6   641.7   763.9  1096.5  5094.9  50898.5    50686
read      413.3   229.6   173.5   230.2   245.9   377.8   475.1   518.1   543.9   575.4   614.6   673.2   796.6  1384.4 12069.3  26545.5    26859
read      433.3   255.0   173.5   240.1   258.7   428.5   491.5   521.6   541.8   566.9   596.6   647.8   758.3  2155.5 11634.7  15492.5    15666
read      353.2   175.3   173.5   224.0   238.2   327.5   378.4   407.7   430.3   457.8   495.1   554.7   691.5  1173.4  7095.4  97639.5    97479
read      404.1   268.1   173.5   227.7   243.6   355.4   440.3   496.7   534.0   574.3   620.6   682.7   818.6  1334.0 13836.9  40543.0    40641
read      404.2   219.9   173.5   227.9   243.5   355.5   450.4   508.3   543.1   580.3   624.0   682.0   795.8  1541.0 10036.8  35692.0    35398
read      371.4   206.5   173.5   224.0   238.6   336.9   398.3   435.2   465.0   501.6   548.7   619.3   753.0  1157.1  9989.5  68674.5    68885
read      355.7   168.2   160.7   222.8   236.7   326.0   379.6   412.3   437.3   468.9   513.0   577.8   715.7  1084.3  5855.3  82872.0    82658
read      400.2   249.5   173.5   226.1   241.4   350.5   441.5   499.3   535.8   573.3   617.1   678.6   801.7  1094.6 10961.8  37718.0    37588
read      425.3   231.0   173.5   234.6   251.0   413.1   492.3   526.5   548.2   574.5   605.6   655.1   754.2  2776.2  8378.4  19488.5    19382
read      398.9   183.4   173.5   227.5   243.0   353.8   438.6   495.6   532.4   572.5   619.2   678.6   798.5  1097.4  5415.6  39524.0    39597
read      382.8   231.5   160.7   225.3   240.2   342.5   408.7   451.6   485.2   526.0   575.9   643.0   784.3  1968.6  8972.2  57413.0    57154
read      390.3   218.9   160.7   227.1   242.6   348.8   418.6   465.5   502.4   542.5   589.3   652.4   780.1  2673.8  9598.3  52239.5    52183

Total QPS = 50343.3 (55377616 / 1100.0s)

Total connections = 64
Misses = 0 (0.0%)
Skipped TXs = 0 (0.0%)

RX 13678271646 bytes :   11.9 MB/s
TX          0 bytes :    0.0 MB/s
Warning! Detected max cpu usage > 95%
CPU Usage Stats (avg/min/max): 99.98%,45.18%,100.00%