Timestamp start: 1685008363067
Timestamp end: 1685009463739

#type       avg     std     min      p5     p10     p50     p67     p75     p80     p85     p90     p95     p99    p999   p9999      QPS   target
read      435.2   317.9   187.4   263.1   292.0   415.3   455.8   477.5   495.1   514.7   544.3   596.6   764.0  5947.0 11547.9   7321.0     7434
read      362.2   152.3   173.5   221.7   235.1   331.5   389.2   425.6   454.8   491.0   536.6   601.0   719.8   962.2  6130.1  66917.5    67201
read      341.4   133.0   173.5   219.7   231.5   314.9   364.8   395.0   418.3   447.4   487.4   545.5   664.6   907.1  4961.1  86629.5    85927
read      370.5   214.3   160.7   223.4   237.6   332.4   389.8   428.1   459.7   499.4   548.5   623.8   770.9  2274.4  9306.6  64304.0    63953
read      410.4   235.5   173.5   228.4   244.1   367.7   463.5   511.4   542.1   576.3   617.1   675.1   804.4  1856.4 10600.4  31529.0    31595
read      349.6   204.3   160.7   221.3   234.2   318.0   368.6   398.9   423.3   453.9   495.1   559.1   693.6  2019.6 10410.0  87344.5    87879
read      498.2   769.5   187.4   258.3   286.3   413.4   457.2   482.8   503.3   530.4   568.7   674.6  2722.8 12077.4 31643.1   7314.5     7287
read      439.2   630.5   173.5   224.4   238.8   339.6   406.4   455.4   496.5   547.4   618.4   754.2  2322.9  5942.8 30976.9  61747.0    62295
read      495.6  1025.2   187.4   262.0   288.7   414.0   459.2   484.7   503.4   528.5   563.2   640.9  2429.2 11744.9 36080.3   6604.5     6561
read      524.4  1322.9   173.5   229.3   245.1   393.0   484.0   528.0   557.6   592.8   638.4   723.3  2504.2 19640.7 40240.4  22408.0    22532
read      410.4   792.8   173.5   222.1   235.1   327.8   390.7   433.8   469.9   515.8   571.9   651.4  1051.8 11714.7 32179.2  60741.5    60653
read      423.4   969.1   173.5   221.6   234.0   324.1   386.3   429.4   466.3   511.6   566.8   641.4  1045.5 14269.3 35187.0  59025.5    59076
read      415.1   747.5   173.5   221.6   234.4   325.8   389.5   432.8   469.5   517.3   576.0   654.8  1436.4 11850.8 31309.9  60161.0    60154
read      465.0   674.0   173.5   226.4   241.0   382.1   484.3   528.6   558.5   591.4   633.3   708.4  2129.8  8563.0 30685.5  22896.5    22964
read      534.2   644.7   187.4   248.8   271.0   405.2   456.5   487.9   515.2   562.2   685.5  1340.3  3203.7  6765.2 18068.1   8235.0     8172
read      456.7   687.4   173.5   223.4   237.2   361.2   461.9   509.9   541.8   578.4   625.1   718.8  2355.1  6274.7 31757.7  27727.0    27652
read      431.4   700.1   173.5   219.6   231.1   330.6   423.9   483.1   521.0   561.8   610.3   686.0  2158.0  7443.0 35278.2  37836.5    37594
read      437.0   540.6   173.5   221.3   233.8   359.6   464.0   507.0   533.7   564.0   603.5   674.5  1836.4  8451.0 14573.1  24408.0    24367
read      435.6   670.3   173.5   220.5   232.5   337.0   438.5   494.5   530.0   567.8   613.7   686.7  2158.1  8020.1 30621.7  33691.0    33771
read      411.4   765.3   173.5   222.9   236.4   334.3   392.5   426.8   454.4   490.0   539.7   625.2  1314.2 11766.8 31454.9  84947.0    84944
read      388.5   699.4   173.5   220.5   232.1   318.5   370.7   401.8   427.4   461.0   508.4   591.1  1291.0 10510.1 31878.9  85448.0    85666
read      432.0   895.8   173.5   219.2   230.3   321.2   392.3   443.2   483.5   530.3   583.6   663.6  2028.8 12074.5 32275.9  51854.5    51918
read      442.8   856.8   173.5   218.9   229.8   331.9   428.2   483.1   518.6   554.4   601.0   680.9  2033.8  9726.1 33012.9  34366.0    34406
read      460.3   898.4   173.5   219.8   231.2   345.6   450.7   500.0   530.6   564.9   610.5   687.5  2257.9 12982.8 31996.7  28611.0    28664
read      436.2   863.9   173.5   219.8   231.0   329.6   417.1   472.5   509.5   548.6   595.1   669.7  2066.5 10564.1 32990.6  38207.5    38289
read      433.5   624.0   173.5   223.0   236.1   378.7   461.2   497.3   521.5   548.1   584.8   646.1  1684.6  8240.7 30052.3  20422.0    20658
read      462.9   775.7   173.5   228.8   244.1   393.8   452.1   480.4   499.7   523.6   553.8   626.1  2575.0  8114.5 32045.9  13971.0    13840
read      386.4   691.8   173.5   222.7   236.1   326.8   378.2   407.5   431.1   461.3   501.8   572.5   874.6 10582.8 31509.4  93443.5    93419
read      401.8   737.9   173.5   224.0   238.1   334.3   386.8   418.0   441.8   471.8   515.6   599.3  1217.3  9796.8 32135.1  98417.0    98284
read      393.4   776.2   173.5   218.9   229.8   316.4   369.8   404.6   433.9   472.5   523.3   596.2   991.9 10732.2 31957.4  71469.0    71313
read      413.4   643.1   173.5   218.8   229.5   325.2   405.7   462.5   500.7   541.1   588.4   662.7  1588.3  8408.5 31975.7  42277.0    42089
read      406.5   555.5   173.5   218.7   229.4   320.9   395.8   449.2   489.8   533.8   583.0   655.8  1695.9  7307.3 28280.7  46446.0    46458
read      439.5   840.7   160.7   219.0   229.6   337.1   434.7   483.5   514.8   547.3   588.5   664.1  2251.7  7812.3 36507.6  30505.0    30755
read      417.1   694.9   173.5   219.6   230.6   325.8   406.9   463.8   501.9   541.9   587.3   657.9  1860.8  7236.3 31975.7  42521.5    42889
read      388.1   581.0   173.5   222.1   235.4   327.2   378.7   410.2   434.6   467.4   513.4   594.4  1174.8  8082.9 30532.9  93727.0    93552
read      417.3   749.9   173.5   222.0   235.0   331.9   395.1   435.9   470.2   514.6   570.4   648.3  1193.7 10109.3 30990.0  65473.0    65694
read      464.5   955.7   173.5   220.3   232.4   345.1   444.1   495.6   527.1   560.5   602.4   680.5  2692.8 11604.1 35180.5  29710.0    29574
read      417.6   708.2   173.5   220.7   232.9   327.4   394.5   445.2   485.6   532.3   587.3   667.7  1596.7  8626.1 31604.3  51274.0    51355
read      410.7   801.6   173.5   220.8   233.0   324.6   381.8   420.8   453.4   495.0   549.7   632.8  1453.1 11083.3 33191.0  67437.5    67361
read      445.1   680.9   173.5   225.0   239.1   393.2   457.9   487.6   507.4   533.3   566.6   632.8  1933.7  6193.0 29981.0  16201.5    16287
read      385.3   642.0   173.5   220.5   232.2   319.3   373.0   406.1   433.2   467.2   513.6   590.7  1167.6 10488.4 31458.2  80974.0    81508
read      398.1   671.4   173.5   222.0   234.7   331.9   388.5   422.1   448.6   481.9   527.1   605.9  1207.0 10165.6 30791.2  88160.0    87619
read      387.6   700.3   173.5   221.7   234.6   323.0   372.5   401.9   426.5   457.5   501.4   579.0   928.7  9756.7 31672.2  99509.5    99068
read      413.0   680.6   173.5   220.3   232.2   327.4   397.2   446.7   486.6   531.6   583.3   657.5  1387.2  9769.7 30865.2  51318.5    51267
read      507.5  1300.0   173.5   232.2   248.4   395.8   449.2   476.3   495.9   518.5   548.6   625.7  3529.7 28687.7 37276.5  11739.5    11822
read      393.9   683.8   173.5   223.1   237.0   331.1   383.5   414.6   437.8   469.0   512.7   591.4  1035.7  9654.0 31739.4  97460.5    97494
read      391.5   655.6   160.7   221.6   234.4   328.9   382.1   413.7   438.0   469.9   513.6   588.7   948.7  9667.5 31213.4  98010.5    97350
read      402.3   663.4   173.5   219.7   231.0   318.4   381.0   427.7   468.3   517.3   573.9   645.5  1245.0  8554.2 30970.0  55158.0    55460
read      399.1   725.3   173.5   221.1   233.4   323.4   374.4   405.3   431.9   466.5   515.2   605.5  1495.7 10238.2 31661.0  86204.0    85984
read      399.3   727.9   173.5   221.1   233.4   324.2   379.6   413.8   440.7   476.3   527.2   610.2  1175.4 10555.4 31651.1  81678.5    82043
read      425.6   924.2   173.5   220.1   231.4   323.2   391.1   440.4   482.3   532.0   589.5   668.0  1478.1 12098.1 32177.7  52910.5    52873
read      461.9   950.2   173.5   227.2   242.2   400.9   460.9   489.4   507.9   532.3   563.0   625.1  1864.8 10669.9 36956.8  13942.5    13911
read      444.1   874.0   173.5   222.9   236.1   339.3   415.1   467.8   508.0   556.4   612.4   688.8  2123.8  9795.7 35473.7  50052.5    49984
read      441.7   526.5   187.4   237.4   254.0   392.8   439.9   463.7   481.3   502.4   534.1   595.9  1852.3  9627.9 19157.5   9407.5     9274
read      448.8   755.0   173.5   223.1   236.6   360.0   460.7   509.0   539.4   573.0   614.5   687.0  1945.9  9212.5 35441.3  27196.0    27187
read      471.3   819.3   173.5   224.2   238.4   392.9   475.5   509.5   534.9   564.5   604.1   679.0  2457.3  8759.1 31833.6  18599.5    18735
read      386.1   696.3   173.5   221.0   232.9   319.4   371.2   402.9   428.9   462.5   509.6   586.6  1000.4 10056.3 31618.7  86310.5    86505
read      397.7   766.6   173.5   221.9   235.3   328.3   380.4   410.5   434.4   465.9   509.9   586.7  1120.1 10617.9 35490.1  92877.5    93039
read      389.3   615.9   160.7   220.2   231.8   318.8   372.4   405.8   434.3   472.0   525.6   606.9  1166.1  9360.7 28353.4  75794.0    75999
read      448.9   844.9   173.5   220.6   232.8   340.1   444.0   497.5   532.4   569.2   613.3   695.8  2302.2  8223.7 42590.0  32591.5    32324
read      381.9   750.9   173.5   219.7   231.2   318.3   367.7   397.8   422.7   455.3   501.8   576.4   923.4  9692.8 34321.4  84489.0    84255
read      389.7   671.8   173.5   220.5   232.4   321.1   373.5   405.7   432.9   468.8   518.9   598.4  1222.6  9829.8 31671.8  81536.5    81759
read      431.1   769.5   173.5   218.8   229.5   325.8   415.9   476.7   513.7   554.3   600.1   674.5  2034.7  9977.5 32361.9  37358.0    37291
read      430.5   816.1   173.5   221.4   234.0   331.6   399.6   448.5   487.2   533.0   589.0   671.8  1924.5 10821.9 32171.3  53790.0    53818
read      454.4   881.2   173.5   220.9   233.3   342.8   445.5   497.6   531.6   567.9   610.0   683.8  2320.1 11522.1 32133.5  30406.0    30297
read      428.3   683.5   173.5   220.3   232.0   335.2   433.4   484.0   516.5   550.8   591.4   648.7  1771.7  8920.9 30923.8  31571.5    31569
read      424.3   661.2   173.5   219.6   230.8   326.7   416.9   476.4   515.8   554.9   599.9   669.6  1884.9  8673.2 30617.6  38741.5    38927
read      465.9   767.2   173.5   236.2   253.3   402.7   454.0   480.5   499.6   523.6   555.9   637.5  2167.7  7628.5 29771.3  10770.5    10652
read      404.4   634.7   173.5   225.7   240.6   341.9   396.3   429.2   455.2   487.1   532.2   615.9  1221.1  9591.8 29117.1  97894.5    98119
read      446.1   858.7   173.5   223.9   237.6   336.6   410.4   465.7   509.0   557.8   612.9   691.8  2025.4 11313.1 32437.2  48250.5    48176
read      445.3   706.6   173.5   221.4   233.6   337.5   436.5   495.5   533.2   572.6   617.9   687.7  2417.3  8037.6 30928.3  34936.5    34929
read      394.5   615.7   160.7   220.5   232.1   321.0   378.8   418.1   450.1   491.3   542.0   620.2  1358.7  9660.9 26539.0  69770.0    69735
read      450.2   770.3   173.5   223.3   236.7   380.6   467.5   504.2   529.5   557.3   593.0   658.6  1949.8  8833.7 37530.2  20722.5    20753
read      397.5   757.2   173.5   221.2   233.6   325.8   378.8   410.9   435.8   469.8   517.1   593.1  1002.0 11693.0 31034.5  84010.0    84642
read      416.3   644.3   173.5   219.1   230.2   322.6   401.3   455.4   492.6   532.4   579.5   652.0  2101.5  7475.6 30530.6  42238.0    42333
read      422.8   818.0   173.5   222.2   235.4   330.9   393.6   434.5   468.7   513.7   571.2   653.1  1414.1 10977.2 31914.5  61694.0    61587
read      394.3   699.2   173.5   220.3   232.2   321.1   374.4   407.7   435.6   472.9   524.6   605.0  1164.6  9730.9 31605.8  77874.0    77998
read      397.7   748.1   173.5   223.2   237.0   331.1   383.7   414.2   437.2   468.5   510.8   588.5  1073.6 11268.1 32162.8  97751.0    97625
read      458.8   856.9   173.5   222.0   234.6   359.8   453.8   494.8   521.6   550.2   589.9   665.1  2487.9  9507.0 32258.5  23822.5    23781
read      403.4   739.8   173.5   220.3   231.9   321.1   377.4   415.8   449.0   493.2   548.3   631.0  1526.2  9483.3 32246.1  66543.5    66723
read      431.4   864.1   173.5   219.4   230.6   334.0   433.6   483.6   513.9   544.9   584.8   642.9  1612.1 11040.7 31864.5  31015.0    31016
read      442.1   941.8   173.5   219.8   231.1   322.9   396.3   452.2   493.5   537.2   589.5   669.8  2286.1 11499.0 32480.2  47193.5    47394
read      399.8   780.8   173.5   221.8   234.5   324.3   373.4   402.5   426.5   456.9   499.9   576.5  1508.2 10634.1 31900.1  95153.5    95335
read      746.8  2444.1   187.4   256.9   285.8   401.0   444.8   469.5   490.9   516.5   562.9   737.9 11125.6 32459.7 36437.1   5335.0     5252
read      478.2  1186.4   173.5   225.8   240.8   347.6   412.1   456.3   492.6   539.2   608.2   751.8  2154.9 14527.1 37663.5  65381.0    65908
read      571.8  1474.9   173.5   227.0   242.7   411.1   488.7   529.2   559.4   598.7   656.7   778.1  4500.9 28217.5 39688.7  16902.5    16889
read      477.6  1067.1   173.5   222.8   236.5   341.0   427.8   486.8   529.1   579.6   636.0   765.1  2517.2 13723.7 37621.7  42836.0    42912
read      398.3   651.5   173.5   223.7   238.1   336.9   388.7   419.4   443.5   475.6   521.0   595.0  1098.0 10326.9 31063.5  99885.5    99898
read      448.1   760.6   173.5   222.5   235.9   352.1   452.0   497.6   526.9   558.8   596.9   670.3  2226.0  9141.1 35808.1  26506.5    26385
read      446.3   619.4   173.5   222.4   235.7   370.7   464.5   505.4   532.5   563.2   603.6   682.4  2275.7  6350.3 30815.0  22736.0    22616
read      405.6   604.9   173.5   219.4   230.4   319.2   386.5   437.9   479.7   525.8   579.6   655.8  1586.6  8456.1 29269.5  50685.5    50605
read      390.2   702.6   173.5   222.7   236.0   325.7   378.6   409.7   433.7   465.5   509.2   587.0  1004.2  9531.9 35433.8  90620.5    90283
read      446.1   750.4   160.7   221.1   233.1   355.5   454.6   498.9   527.5   559.4   601.3   679.1  1951.5  9542.8 31741.7  26240.5    26273
read      424.9   717.8   173.5   220.2   231.9   324.3   396.2   449.0   491.2   536.8   588.9   672.0  2007.0  9639.8 32063.3  48608.5    48521
read      444.0   908.2   173.5   219.9   231.5   332.4   424.2   478.5   511.7   547.7   589.5   652.0  2279.9 10022.4 35290.0  34125.5    34058
read      385.5   665.7   173.5   219.9   231.0   316.4   369.5   403.2   432.4   471.3   526.9   610.4  1224.1  9958.1 31651.6  75786.0    75648
read      441.2   650.1   173.5   222.5   235.3   380.6   460.0   494.3   516.9   542.5   579.0   639.4  2006.5  7424.1 30981.9  19602.5    19482
read      478.4   950.3   173.5   225.5   240.1   393.8   459.6   489.9   509.3   537.2   576.2   663.6  2692.4 10135.3 32203.9  14972.5    15054
read      384.8   699.8   173.5   219.9   231.2   316.0   368.7   401.8   430.1   467.8   519.6   593.6  1070.0 10134.6 31544.3  75506.0    75754
read      436.8   780.6   173.5   257.6   281.8   371.9   403.5   424.1   437.4   458.6   487.1   551.3  1736.4  9137.0 30058.5   5253.5     5187
read      473.4   746.3   173.5   228.3   244.6   395.2   470.0   503.7   527.6   554.3   596.8   692.5  2682.1  7853.7 32223.3  17498.5    17656
read      397.6   710.8   173.5   222.2   235.3   329.1   379.9   409.7   433.2   464.2   506.2   583.9  1308.5  9973.8 33479.3  96329.5    96343
read      438.6   794.9   173.5   219.7   230.9   330.2   421.4   475.8   511.6   549.0   594.1   667.4  2251.9 10508.0 31668.2  36648.0    36665
read      407.2   683.0   173.5   224.4   238.4   336.1   391.4   424.7   451.4   485.6   534.4   620.5  1344.3 10576.2 31040.0  85086.0    85269
read      458.0  1004.7   173.5   221.7   234.5   342.2   447.2   500.7   535.1   571.4   615.2   687.3  2105.9 11958.8 37356.6  31503.0    31525
read      412.3   770.0   160.7   219.7   231.2   319.1   378.0   419.3   454.7   500.0   554.6   633.8  1715.5 10154.3 31644.5  61515.0    61798
read      432.3   565.4   173.5   230.0   245.3   395.8   448.5   474.0   493.5   514.8   545.0   604.4  1571.4  5960.1 30552.1  12278.5    12253
read      434.3   507.1   160.7   220.8   232.8   353.6   454.2   497.7   525.7   556.4   597.2   668.9  2054.0  7416.1 15572.2  25791.5    25710
read      391.1   689.2   173.5   220.6   232.6   320.2   372.6   404.5   432.1   467.9   516.3   600.0  1300.0 10106.0 31261.6  79790.0    79937
read      432.5   750.8   187.4   243.1   265.1   378.8   415.0   434.8   451.9   469.9   499.5   550.4  1756.1  7395.0 38766.2   7265.5     7271
read      401.1   850.5   173.5   221.0   233.3   324.4   377.3   408.9   433.8   466.7   512.3   589.3  1308.3 10865.4 37069.2  85427.5    85861
read      394.2   624.4   173.5   222.0   235.2   329.2   381.9   413.0   437.0   469.5   514.8   591.8  1170.1  9231.5 30519.0  91587.0    91467
read      389.5   682.5   173.5   219.8   230.9   317.4   370.1   403.5   433.4   471.9   526.3   605.9  1356.6  9298.6 32309.6  72128.5    72217
read      438.5   816.7   173.5   219.1   230.2   335.2   434.0   483.8   514.3   546.0   585.7   653.2  2072.8  9545.4 35659.7  31203.0    31080
read      388.5   640.5   173.5   219.6   230.8   317.5   369.8   402.1   429.6   465.2   515.0   592.1  1257.9  8760.7 29299.3  76455.5    76878
read      383.2   673.3   173.5   220.2   231.4   317.6   367.6   397.9   423.2   456.1   502.4   579.3  1227.8  9479.3 32347.0  84782.0    84584
read      428.9   491.4   173.5   227.8   243.0   393.4   446.8   470.7   489.5   508.6   539.8   594.5  1635.6  6282.8 15644.0  12598.0    12492
read      418.0   754.7   173.5   220.9   233.3   328.5   391.6   435.3   471.1   516.6   569.8   644.8  1578.7 10537.4 31496.3  56932.5    57106
read      405.6   685.1   173.5   225.7   240.7   345.2   400.5   432.7   458.0   489.1   532.0   606.5  1018.1 10126.2 31371.0  96587.0    96245
read      444.3   875.9   173.5   244.0   265.5   377.5   415.6   435.7   453.0   470.8   498.9   550.9  1688.0  9801.1 31978.3   6797.5     6791
read      389.5   628.9   173.5   221.4   233.8   323.6   373.5   403.1   427.9   459.3   503.2   583.2  1526.6  8584.9 30516.7  89996.0    90728
read      408.0   360.4   187.4   256.6   278.8   368.4   400.5   420.3   433.7   455.3   485.0   541.9  1543.2  6087.7 10244.2   5230.5     5151
read      395.1   744.7   173.5   220.8   232.7   322.5   377.1   410.2   435.8   470.0   518.2   596.4  1273.3  9661.9 33822.9  82513.0    82969
read      418.6   605.8   173.5   221.2   233.0   326.6   407.5   465.2   507.4   550.4   599.6   682.5  1770.7  7193.1 31308.5  42569.0    42635
read      371.4   593.3   173.5   220.9   233.3   320.1   367.6   395.3   416.8   443.6   481.3   545.4   839.2  9386.0 30137.5  99487.5    99337
read      412.4   777.0   173.5   224.2   238.6   340.9   394.7   427.6   453.6   486.2   531.5   608.8  1257.9 12813.9 32249.8  95250.0    95192
read      414.8   782.3   173.5   222.0   234.6   329.2   388.0   425.0   456.0   497.5   553.1   637.8  1462.3  9776.0 35147.8  69539.0    69200
read      425.2   877.4   173.5   219.3   230.3   320.6   389.9   442.0   483.2   529.0   581.9   653.6  1939.0 10009.4 36267.7  49689.0    49459
read      461.9  1070.5   173.5   220.0   231.7   340.7   444.4   495.8   526.4   558.1   596.7   660.5  2047.0 12698.9 38453.0  29041.0    29055
read      411.6   771.6   173.5   219.8   231.6   320.2   377.3   417.8   452.5   497.7   555.3   639.5  1731.7  9906.0 32264.7  64155.5    64324
read      422.5   485.4   187.4   255.5   278.7   375.6   409.8   429.4   444.8   465.4   496.3   561.8  1459.0  9915.5 11053.5   5722.0     5705
read      379.3   584.4   173.5   220.2   231.9   320.0   371.0   402.0   428.2   461.7   506.9   582.5   991.4  8918.1 30617.2  84366.0    84816
read      440.4   752.2   173.5   221.0   233.3   359.6   454.8   494.2   519.3   546.3   583.1   642.0  1981.1  7819.4 35384.4  23621.5    23714
read      396.7   718.1   173.5   220.0   231.5   321.5   375.5   409.4   437.5   475.3   527.4   609.2  1369.3 10348.5 31858.7  74006.5    74116
read      431.9   629.5   173.5   222.1   234.8   376.1   460.7   497.2   521.4   546.9   584.0   652.8  1679.6  5626.0 31709.5  20218.5    19948
read      421.8   757.4   173.5   219.2   230.4   323.5   400.5   458.3   500.8   544.4   594.5   677.5  1807.4 10163.7 31700.6  44057.0    44213
read      441.9   635.8   173.5   221.7   234.5   379.3   460.7   495.2   518.4   544.7   581.9   652.8  2044.5  9055.5 29456.9  19425.5    19454
read      433.6   579.1   187.4   247.2   269.8   385.3   424.6   446.4   462.5   482.5   507.9   570.7  1588.7 10474.9 18350.8   7229.5     7190
read      431.1   723.1   173.5   222.3   235.4   334.5   408.1   461.8   503.4   551.6   606.0   687.4  1815.8  9896.4 31585.5  47534.0    47657
read      427.3   759.6   173.5   220.4   232.3   325.1   400.2   455.4   495.4   539.3   589.6   668.5  1950.9 10071.0 32020.3  44413.0    44399
read      449.5   830.2   187.4   251.1   274.7   383.6   422.5   445.1   463.0   486.6   519.6   585.4  1932.2 14058.4 29703.9   6451.0     6481
read      422.4   470.9   187.4   256.3   279.2   371.0   402.5   421.9   434.4   456.3   488.5   555.2  1686.5  9056.2 11451.4   5731.5     5807
read      396.1   751.5   173.5   221.1   233.4   323.0   374.7   405.5   430.8   463.6   508.7   587.6  1304.9 10340.6 31566.4  82649.0    83137
read      457.1   881.0   173.5   237.4   256.5   388.0   432.1   455.4   470.3   494.7   528.3   600.1  2035.8  8056.1 36592.1   9566.5     9580
read      430.0   708.4   173.5   220.5   232.0   332.2   418.9   475.3   515.0   555.4   603.5   676.6  2062.9  7599.8 31150.7  37104.0    37385
read      410.5   584.8   173.5   219.8   230.9   327.4   422.5   473.3   505.3   538.5   578.0   636.2  1630.3  7952.0 28804.8  33810.5    33706
read      434.7   767.0   173.5   220.7   232.5   331.9   425.6   484.6   522.0   560.6   605.5   675.9  2246.7  9397.1 31803.4  34960.0    35204
read      441.3   974.4   173.5   222.8   236.1   329.3   397.1   446.1   488.2   534.8   586.1   660.0  2190.0 11353.0 35878.4  50631.0    50438
read      404.6   618.0   173.5   221.1   233.2   321.0   388.5   439.9   481.7   528.4   579.5   645.9  1466.9  7771.3 31607.9  49016.5    48878
read      424.3   764.3   173.5   220.6   232.3   327.3   406.4   463.5   503.9   545.4   593.5   660.1  1445.0  9409.2 31916.6  42698.5    42682
read      429.4   729.0   173.5   219.0   229.2   338.4   439.0   483.3   510.3   539.4   575.4   634.9  2040.0  9669.6 30548.0  27304.5    27416
read      403.7   741.3   173.5   219.9   231.5   322.3   379.9   419.1   451.5   492.9   546.7   627.6  1386.2  9484.8 32384.9  64049.5    64424
read      393.4   603.3   173.5   220.9   232.9   324.3   385.8   426.7   461.0   504.1   556.8   633.3  1072.2  9056.7 30998.9  64317.5    64364
read      446.5   926.8   187.4   249.2   272.7   363.8   396.1   415.4   430.0   448.9   471.8   539.5  2978.3  8691.3 31852.5   5576.0     5481
read      450.8   985.9   173.5   221.7   234.3   353.1   440.2   482.4   508.2   537.0   572.2   627.3  1223.9 13549.7 32338.4  26172.0    26227
read      450.7   952.9   173.5   219.0   230.0   340.7   441.2   485.1   513.2   542.4   578.5   635.7  2831.1 10130.8 35454.5  26494.5    26586
read      385.8   694.9   173.5   219.6   230.5   316.7   366.9   396.0   419.6   450.8   496.4   575.1  1293.7 10980.1 31446.5  85919.5    86286
read      435.8   686.7   173.5   220.7   232.4   352.4   450.9   493.1   520.3   549.5   588.5   652.8  2254.5  7764.5 31514.1  24675.0    24452
read      458.7   917.3   173.5   220.6   232.4   347.4   452.0   497.8   527.1   559.5   601.0   675.3  2506.9 10164.8 32227.9  26764.5    26832
read      458.7   894.0   173.5   219.8   231.2   337.3   442.3   491.8   523.2   555.8   593.7   668.1  3082.0  9641.9 32260.8  29839.0    29795
read      424.4   776.8   173.5   221.5   234.0   333.0   409.0   463.1   504.5   550.9   601.9   677.0  1256.0 10409.0 31619.7  46264.0    46224
read      390.0   637.7   173.5   220.4   232.2   321.0   372.1   403.8   431.2   466.2   517.3   611.3  1494.9  9580.5 31331.1  84667.5    84587
read      400.0   657.3   173.5   220.7   232.7   325.5   385.0   425.3   459.5   503.0   560.5   635.6  1245.3  9548.8 31091.6  63517.0    63389
read      417.4   661.2   173.5   220.1   231.6   324.5   400.0   455.1   496.4   541.6   593.9   672.7  1712.0  9148.9 30921.2  46596.5    46953
read      378.4   565.7   173.5   220.7   232.8   320.7   370.5   401.5   427.9   461.5   508.1   587.5  1049.4  7801.5 31302.1  90581.5    90536
read      453.4   983.2   173.5   229.8   245.1   395.8   448.8   473.8   493.3   514.7   545.7   612.4  1676.8  8911.0 37053.1  12571.0    12508
read      446.9   813.7   173.5   220.2   232.2   331.0   421.6   479.6   519.4   561.0   609.3   680.3  3041.1  8671.5 32312.5  38515.0    38491
read      406.9   788.3   173.5   223.5   237.6   335.8   389.1   420.6   445.0   474.7   517.0   589.6  1097.4 11539.6 31997.1  97972.5    97806
read      429.1   325.7   173.5   232.6   248.6   401.1   454.0   480.3   498.5   521.4   552.6   621.4  1815.9  4872.2  6367.4  11852.0    11813
read      437.7   775.7   173.5   221.0   233.2   335.0   420.8   478.7   519.2   562.0   612.3   686.7  2141.6  8579.2 31599.3  39552.0    39665
read      418.6   810.2   173.5   221.1   233.1   326.4   392.0   439.4   477.4   522.2   576.5   649.6  1294.1 12240.2 31456.9  53796.5    53571
read      406.3   719.2   173.5   221.8   234.8   327.3   387.6   427.5   460.9   503.7   560.0   639.8  1356.4 10065.3 31661.0  63289.0    63215
read      408.7   709.4   173.5   222.3   235.4   329.9   385.8   420.2   447.7   483.5   534.1   621.4  1753.8  8761.9 31386.2  79045.0    78767
read      421.7   399.4   187.4   238.0   256.1   381.4   421.9   443.8   460.8   481.6   509.2   579.2  1747.8  7658.0 12084.2   8692.0     8615
read      419.2   937.5   173.5   222.0   234.9   329.5   387.5   424.1   453.5   491.6   542.8   622.9  1460.3 13226.6 36289.6  67579.0    67903
read      425.1   476.9   173.5   224.9   239.0   387.9   454.6   486.1   506.3   531.9   565.3   632.1  1546.6  6481.1 12680.5  16230.0    16398
read      415.8   796.7   173.5   219.8   231.3   320.2   382.0   425.6   463.4   509.7   561.9   636.2  1497.0 10257.6 32196.1  53404.5    53434
read      419.7   708.9   173.5   219.6   230.9   326.6   412.9   469.1   506.4   546.4   590.8   660.2  1729.1 10009.1 31290.1  38174.0    38068
read      446.5   855.7   173.5   238.1   256.6   384.9   425.8   448.6   465.2   487.9   518.7   581.8  1899.4  9441.0 42269.0   9060.5     9130
read      399.2   704.7   173.5   222.7   236.1   322.2   375.6   412.3   442.4   482.7   535.8   615.7  1359.5  9558.8 32012.0  69135.5    69227
read      414.3   594.1   173.5   220.9   233.5   328.9   420.8   479.3   516.0   556.7   602.6   674.3  1591.7  5895.7 31948.0  37175.0    37496
read      390.2   638.8   173.5   220.9   233.2   322.8   374.2   406.1   433.0   468.2   516.7   600.3  1357.2  8006.3 31417.2  83923.5    83925
read      406.9   702.0   173.5   219.0   229.7   316.3   383.7   436.1   478.9   525.9   578.3   647.9  1463.8  9351.8 31602.3  50612.0    51037
read      460.7  1001.5   173.5   219.9   231.4   335.1   433.7   490.3   525.6   562.6   607.3   678.9  2529.9 11621.0 32724.4  33461.5    33690
read      402.8   693.8   173.5   219.7   230.8   318.4   384.7   431.5   469.6   515.4   566.7   635.0  1276.5  9250.7 33428.3  51525.5    51474
read      386.9   656.9   173.5   219.6   230.5   316.4   369.3   402.4   430.8   468.5   520.9   599.2  1295.0  8880.8 30620.8  73702.5    73708
read      376.0   561.0   173.5   221.0   233.4   320.1   367.3   395.1   416.8   444.1   483.1   551.0  1288.3  7747.3 30754.7  98448.5    98618
read      395.3   769.3   160.7   220.8   232.8   320.4   372.6   404.3   430.0   463.6   510.1   584.7  1236.8 11227.0 31646.4  81900.0    81977
read      392.1   708.8   173.5   221.1   233.7   325.7   375.4   404.9   429.5   460.1   502.4   578.0  1246.9 12014.9 31288.2  91697.5    91567
read      435.0   957.8   160.7   219.3   230.2   321.8   391.7   443.2   483.2   528.7   579.6   650.2  2049.9 11673.7 36184.4  48053.5    48236
read      380.2   665.3   173.5   220.5   232.4   321.8   372.2   401.9   426.0   455.9   497.1   567.2   908.3  9307.2 33115.2  91593.0    91726
read      426.4   758.3   173.5   221.8   234.3   331.0   401.5   453.0   494.0   541.1   595.4   682.3  1823.9  9946.7 32127.8  52277.0    52458
read      398.5   808.9   173.5   219.1   230.2   316.6   369.1   402.7   432.6   472.6   527.1   605.3  1256.6 10599.7 31935.5  70546.0    70467
read      395.9   628.8   173.5   221.5   233.7   323.7   379.2   416.3   447.6   489.3   543.0   628.4  1334.8  9483.9 30590.5  71184.5    71151
read      392.6   620.9   160.7   220.3   231.9   319.6   376.7   416.3   450.0   494.0   548.9   626.1  1179.0  8799.7 30917.5  65011.5    65016
read      437.3   841.5   173.5   219.6   230.7   324.0   404.2   464.3   505.3   547.3   594.8   672.2  2333.3 10368.6 32316.4  41900.0    42057
read      400.3   645.6   173.5   222.6   236.1   331.8   389.7   426.2   455.6   493.1   543.6   630.7  1242.5  8235.5 31504.6  78672.0    78821
read      402.8   687.6   173.5   221.0   232.9   322.6   382.9   424.5   460.0   506.6   562.9   638.5  1414.4 10309.2 31807.5  60698.0    60720
read      427.9   771.2   160.7   219.7   231.2   329.2   412.8   473.4   511.5   552.2   601.3   674.7  1894.8 10109.0 32227.0  39870.0    39911
read      483.3  1123.9   173.5   231.4   247.7   392.6   440.8   466.7   486.2   507.4   541.1   611.5  2470.8 15707.8 35931.7  10700.0    10628
read      390.3   785.9   173.5   220.4   232.0   317.8   368.9   400.5   428.1   464.9   514.4   588.7   906.8 12880.7 31950.7  73565.0    73736
read      428.7   526.2   173.5   249.9   273.8   398.2   435.4   458.5   473.8   495.3   523.4   579.8   999.1  7566.4 23628.8   7350.0     7334
read      380.8   481.9   173.5   223.4   237.3   331.9   384.4   415.7   440.1   471.6   517.4   593.7  1013.9  5669.5 25491.6  91710.5    91868
read      370.1   287.3   173.5   223.0   236.5   331.3   389.2   423.9   450.9   485.3   532.9   605.3   823.8  2413.1 11809.7  76746.5    76670
read      450.0   481.6   173.5   237.2   255.2   407.0   455.9   482.3   500.7   524.6   557.2   632.5  1895.7  6284.4 12888.8  10423.0    10405
read      462.8   837.4   173.5   224.3   238.5   366.9   470.3   516.9   546.6   580.6   624.7   697.7  2078.3  9898.7 35689.2  25993.0    26019
read      410.6   473.2   173.5   224.1   238.1   336.7   405.9   454.9   494.5   541.1   597.6   682.6  1511.2  5624.9 17495.2  55588.5    55530
read      443.2   618.5   173.5   221.8   235.0   347.6   458.8   509.7   541.7   578.3   623.5   694.5  2039.6  6449.3 28365.5  29606.5    29615
read      379.3   285.6   173.5   223.3   236.8   333.3   393.4   432.6   465.1   505.9   558.6   633.6   876.7  3448.5  8361.6  66460.0    66057
read      411.0   523.4   173.5   225.7   240.3   344.6   412.6   459.8   498.2   543.8   600.9   676.1  1004.2  7491.7 18021.9  55197.0    55281
read      442.3   511.1   173.5   224.4   238.1   389.9   482.4   520.7   546.1   577.6   617.0   679.5  1765.8  5447.8 28874.6  21121.0    21177
read      359.8   203.1   173.5   222.7   236.2   326.1   378.0   408.4   432.4   463.0   504.4   575.3   808.3  2445.7  7814.1  88086.5    88239
read      387.9   413.7   173.5   222.9   236.6   332.0   391.3   428.3   458.9   498.6   550.9   635.0  1070.7  5040.7 12729.4  70588.5    70227
read      447.2   663.4   173.5   224.0   238.4   377.0   478.1   521.1   548.2   579.7   620.2   688.0  1796.2  5990.5 33326.4  23458.5    23421
read      368.3   342.2   160.7   222.4   235.5   325.6   375.4   404.1   428.2   458.4   500.2   577.1  1037.5  4530.6 10495.2  96712.5    97104
read      523.5  1263.8   187.4   253.9   279.4   394.4   435.1   460.9   480.0   504.1   546.7   661.5  3784.7 28100.7 36754.9   6306.0     6235
read      392.4   328.8   173.5   224.1   238.1   340.1   406.0   451.1   487.2   531.2   584.2   663.3  1035.8  3289.4 11210.4  57678.0    58045
read      457.3   861.2   173.5   222.9   236.2   375.6   470.3   509.7   536.9   567.7   606.6   681.1  1914.6  9459.4 39084.9  23645.5    23729
read      448.3   691.0   173.5   223.6   237.6   344.1   440.1   500.9   543.3   586.9   636.2   737.9  2156.5  6296.0 32016.1  40819.5    40897
read      421.7   510.3   173.5   226.5   241.1   350.2   424.9   474.5   513.9   560.7   618.1   705.6  1306.6  7050.2 26666.0  52949.0    53312
read      379.4   324.0   160.7   227.0   241.5   337.9   392.8   426.1   452.3   485.2   532.1   613.9   890.9  4542.7  9693.5  87367.0    87262
read      400.7   470.5   173.5   228.9   244.0   341.6   397.7   432.2   460.7   496.7   546.4   636.4  1269.7  5942.8 13810.7  82008.5    81836
read      372.5   193.3   173.5   227.5   242.4   336.6   389.2   421.6   446.9   478.9   525.9   605.7   886.9  2463.1  7030.4  92187.0    92274
read      425.2   581.2   173.5   228.6   243.8   349.7   427.2   482.4   524.9   574.4   627.8   705.8  1096.2  9022.0 29470.2  47227.0    47252
read      392.5   460.5   173.5   227.4   241.9   336.0   393.4   429.8   459.6   498.0   549.9   640.0  1152.7  4785.9 26049.3  76093.0    75747
read      375.6   365.7   173.5   226.4   240.6   330.8   384.9   419.1   446.3   480.8   528.5   606.2   867.2  4413.2 12321.9  81207.5    80994
read      376.5   369.0   173.5   225.0   239.2   331.7   383.4   413.7   437.1   468.5   511.2   589.4  1021.5  4745.8 14108.8  97852.5    98224
read      424.6   643.1   187.4   246.7   268.2   390.0   426.6   447.3   462.6   481.2   505.0   549.6  1260.7  5026.5 39299.5   7754.0     7737
read      426.1   431.2   173.5   230.5   245.8   366.9   448.1   495.8   529.5   566.9   612.1   686.0  1167.6  5144.0 13837.7  37155.0    37514
read      477.3   726.6   173.5   240.2   259.5   422.1   473.4   501.4   522.8   547.7   585.1   653.4  2831.7  7326.4 29606.5  10699.5    10640
read      394.6   577.4   173.5   225.4   239.5   331.7   386.0   419.9   447.6   484.9   538.0   635.6  1270.0  6312.4 31425.5  90083.0    90490
read      377.7   391.0   173.5   224.6   238.6   330.1   381.7   413.2   436.7   468.7   513.0   592.4   994.9  4586.8 13070.9  92497.5    92514
read      393.0   487.0   173.5   226.5   240.9   334.8   387.7   420.1   445.6   478.8   528.7   618.9  1340.5  7375.5 19015.8  89497.0    89245
read      403.0   415.0   173.5   227.9   242.5   340.0   399.8   438.2   470.0   512.0   572.0   673.7  1425.8  4831.9 10184.5  74013.5    73823
read      418.6   601.8   173.5   226.2   240.1   339.2   419.4   476.8   518.1   561.4   609.5   678.9  1126.9  7485.0 31116.9  46286.0    46565
read      446.5   509.3   173.5   233.3   248.8   409.6   496.2   534.3   559.9   589.2   626.2   685.7  1002.3  6701.9 30815.3  21280.5    21419
read      396.3   455.8   173.5   227.4   241.7   336.7   396.6   436.2   468.9   510.1   563.2   637.6  1011.9  6969.7 15390.8  67297.0    66915
read      440.7   588.3   173.5   230.1   245.0   361.6   472.6   525.4   558.2   592.6   633.1   701.3  1186.1  6856.1 31728.6  31605.0    31667
read      394.4   710.9   173.5   227.3   241.7   336.3   393.7   430.9   462.1   502.4   556.7   638.9  1060.2  6015.9 17424.2  72268.0    72255
read      385.9   345.2   173.5   229.2   244.1   338.4   389.2   420.4   445.0   477.0   524.3   616.4  1215.7  4203.8 10902.6  99159.5    99535
read      460.2   587.0   187.4   245.2   267.5   416.2   458.8   482.5   500.7   523.5   550.8   612.7  1634.1  8118.2 25037.1   9087.0     9226
read      398.5   433.7   173.5   225.5   239.7   335.3   395.9   434.3   466.1   507.7   563.9   647.3  1368.0  5609.1 14116.7  67747.0    67844
read      386.1   522.7   173.5   223.6   236.8   326.7   382.4   418.5   447.9   486.2   537.8   617.4  1011.7  6327.1 18897.3  71141.5    71413
read      390.5   579.9   173.5   227.1   241.5   332.9   382.8   412.7   436.1   468.5   515.8   599.2  1160.0  7439.3 31164.0  97106.5    97328
read      386.8   391.5   173.5   224.0   237.3   329.4   394.0   440.8   479.6   526.3   578.0   645.7   962.1  4344.0 10652.4  55130.0    55113
read      392.8   469.7   160.7   223.3   236.7   329.3   394.9   441.8   479.3   521.8   572.1   636.0  1067.0  5385.8 29341.1  53673.5    53743
read      434.8   484.8   173.5   230.2   245.3   408.7   469.3   496.8   515.2   537.1   567.2   623.7  1070.7  6863.8 15004.0  15273.5    15253
read      368.6   396.9   173.5   222.9   236.2   323.1   373.6   404.2   429.6   461.9   506.5   584.9   918.8  5029.8 12266.1  90374.5    90605
read      416.9   400.2   173.5   224.5   238.4   362.8   465.5   506.3   535.1   566.6   603.3   663.9  1046.0  4239.7 13884.6  25935.5    25767
read      368.9   621.6   173.5   223.8   237.3   322.1   372.4   402.7   427.5   458.4   501.5   577.4   912.0  5095.0 11410.8  93568.5    93458
read      364.4   336.6   160.7   223.5   236.7   322.2   371.1   400.6   425.0   456.0   499.4   574.5   886.7  4512.9 11193.3  94578.5    95080
read      373.2   489.2   173.5   222.5   235.4   322.3   373.4   403.7   429.0   460.9   505.3   581.0   959.2  6163.0 28650.5  88130.5    88399
read      367.7   426.0   173.5   222.5   235.5   321.9   371.5   400.8   424.7   454.9   497.3   568.4   927.1  4361.3 14999.2  95884.5    95681
read      412.8   364.4   173.5   223.8   237.5   344.9   450.3   505.0   537.7   572.9   613.8   674.4  1049.5  4269.8 10011.8  33175.5    33003
read      368.0   576.4   173.5   223.8   237.3   324.7   373.7   403.1   427.6   458.2   499.8   573.1   939.1  4565.2 11667.8  98288.5    98809
read      377.0   378.4   173.5   221.9   234.4   322.3   380.8   420.6   453.3   493.9   545.9   619.3   921.3  5423.3 10182.8  64622.0    64610
read      397.4   403.9   173.5   223.2   236.5   334.4   404.7   457.7   497.8   543.9   595.3   668.0  1046.1  4290.8 10981.7  51116.5    51183
read      438.7   534.8   173.5   225.8   239.8   392.3   475.3   509.1   532.6   558.2   590.5   644.3  1686.6  5859.3 29005.1  19975.5    20194
read      423.8   439.4   187.4   248.5   271.1   398.5   438.1   460.2   475.1   495.6   522.1   572.2  1122.0  8037.9 14469.6   7668.0     7602
read      407.7   367.3   173.5   228.0   242.8   355.4   429.0   474.9   510.5   550.6   598.2   668.3   940.6  5115.9 15008.8  46259.0    46677
read      432.0   799.3   187.4   260.4   291.0   388.9   422.5   441.7   458.0   476.1   504.1   557.3  1181.2  6374.0 43027.1   5591.0     5577
read      443.6   424.9   173.5   234.1   250.3   397.0   481.5   520.4   545.3   575.5   613.6   677.8  1542.0  4749.3 19282.1  22994.0    23035
read      399.5   519.6   173.5   223.7   237.1   331.6   397.0   445.0   484.0   531.6   587.8   664.6  1012.4  5925.6 30239.7  57671.0    57516
read      383.3   293.9   173.5   222.7   235.9   326.4   387.3   429.6   464.9   509.5   564.2   639.8  1268.2  3793.0  7224.9  62788.5    62851
read      404.7   826.7   173.5   224.1   237.6   335.3   430.8   489.0   526.4   564.6   606.9   667.3   968.6  3481.3 13212.1  38566.5    38431
read      433.9   454.6   173.5   226.0   240.3   369.8   480.2   524.3   551.2   582.6   620.7   678.7  1153.7  7245.4 19293.0  25844.5    25729
read      437.1   534.5   173.5   226.7   241.0   401.2   481.9   516.3   537.6   563.0   595.1   664.4  1382.1  4605.4 31812.7  19430.0    19443
read      433.6   304.5   173.5   227.1   241.6   404.4   485.0   520.6   543.0   570.6   605.2   671.9  1270.7  4051.8  9937.3  19157.0    19461
read      408.4   359.0   173.5   224.5   238.3   340.1   424.5   479.9   517.7   558.9   605.2   674.2  1304.3  4501.5  9636.0  42186.5    42341
read      440.0   808.8   173.5   259.2   286.7   394.0   428.4   448.2   462.2   480.5   508.4   562.8  1047.8  7300.1 32065.6   5711.5     5691
read      429.1   472.4   173.5   228.7   243.7   358.4   441.7   495.2   532.5   574.2   622.7   691.9  1576.9  5381.9 15649.4  40151.5    40223
read      408.1   303.4   173.5   223.6   237.1   349.1   460.6   508.6   538.5   570.8   609.3   670.6   919.8  2851.0 12282.2  29933.5    29941
read      415.3   523.0   173.5   222.6   235.9   333.5   420.9   481.8   521.6   563.7   611.0   678.3  1341.9  6859.5 23159.8  41323.5    41162
read      406.9   471.1   173.5   224.2   237.8   336.9   420.0   477.8   516.8   559.4   607.7   675.9  1075.8  5502.3 28435.7  43764.0    43863
read      438.6   431.1   173.5   225.8   240.0   396.3   481.1   518.0   542.3   572.3   610.4   673.6  1483.6  5665.8 18184.2  20644.0    20318
read      397.1   549.1   160.7   225.2   239.5   337.2   391.6   424.2   449.8   482.2   528.8   609.6  1169.2  7805.0 29568.3  93578.5    93421
read      398.9   524.2   173.5   222.3   235.2   329.7   401.1   456.8   497.1   541.2   590.2   653.8   956.1  7002.2 31250.7  48502.0    48578
read      407.6   432.0   173.5   221.5   234.0   331.7   418.8   480.3   520.6   562.0   607.5   669.4  1258.9  5531.8 14871.0  40869.5    40595
read      452.8   798.9   173.5   226.3   240.5   399.9   474.5   506.7   530.0   555.3   589.9   644.0  1518.8  8082.1 35593.3  17506.5    17677
read      388.4   555.8   173.5   223.9   237.5   330.2   386.8   421.4   448.7   483.4   532.0   611.3   979.2  7245.3 29162.1  78494.0    78948
read      428.3   307.1   187.4   242.0   261.8   415.8   461.1   485.5   502.5   524.7   551.0   602.7   872.3  3818.6 16312.1   9678.0     9703
read      430.1   401.0   187.4   241.6   261.7   403.8   448.3   470.9   489.7   508.8   540.4   591.7  1258.8  4813.9 19031.2   9647.0     9686
read      543.0  1328.5   187.4   245.5   267.5   410.1   456.7   483.5   503.7   530.7   569.2   636.3  5366.6 28585.4 41659.5   7900.0     7968
read      559.3  1282.0   187.4   229.1   246.1   418.1   496.0   538.7   571.3   611.0   666.9   769.8  5102.9 28420.4 36471.3  15639.5    15830
read      637.6  1804.6   173.5   240.4   262.0   412.6   466.8   497.6   520.8   549.0   590.8   707.8  7703.2 31042.6 42425.9   8342.5     8192
read      391.2   499.5   173.5   223.2   236.6   329.7   386.7   421.7   450.0   486.3   536.4   621.4  1423.6  6198.2 28562.5  79359.0    79410
read      374.4   398.7   173.5   221.8   234.4   322.0   375.8   409.2   436.3   472.2   523.8   601.4  1064.2  5251.3 11037.9  76670.5    76582
read      402.5   453.2   173.5   223.4   236.9   333.0   401.0   449.9   489.5   535.7   590.9   668.7  1029.3  6679.6 13779.2  54932.0    54634
read      392.7   565.0   173.5   223.8   237.4   329.1   387.3   424.3   454.2   492.2   544.0   627.2  1168.8  6261.3 30644.7  72305.0    72177
read      438.1   578.1   173.5   231.2   246.6   413.9   474.3   502.2   523.3   547.2   580.3   629.7  1148.9  7167.5 30704.5  15106.5    15101
read      441.8   407.4   173.5   248.2   270.3   405.9   447.9   469.5   488.3   508.3   541.4   601.5  1589.1  8220.2 10091.5   8189.0     8167
read      420.3   491.2   173.5   227.7   242.4   353.5   428.6   478.6   516.0   559.8   611.1   681.6  1185.4  6311.9 26387.4  44494.5    44130
read      407.4   525.3   173.5   225.3   239.4   337.4   405.6   457.7   500.0   549.1   604.4   678.1  1155.2  5563.1 27047.9  53098.5    53047
read      368.9   375.3   173.5   223.9   237.8   329.1   380.3   410.4   433.7   463.8   504.2   575.8   858.2  4517.5 10834.1  97289.5    97171
read      382.1   352.9   173.5   223.8   237.7   332.8   390.8   426.0   453.7   488.1   536.8   625.0  1085.5  4499.2  9474.8  81196.0    81360
read      379.3   294.9   173.5   224.9   238.8   336.4   395.4   430.6   459.0   495.4   546.1   628.4   898.8  3289.7  9873.4  77492.0    77277
read      427.5   578.3   173.5   222.9   236.4   342.2   436.2   495.6   534.3   576.1   624.8   700.7  1615.5  6809.9 30838.9  38475.5    38294
read      451.5   797.9   173.5   233.0   250.4   404.3   453.3   478.3   496.5   517.7   546.8   614.9  1782.2 11663.0 36367.0  11168.5    11165
read      372.1   457.5   173.5   219.7   230.5   314.2   366.8   401.2   430.6   469.6   524.9   603.2  1080.1  6497.6 19817.9  73929.5    74155
read      508.4  1357.9   173.5   228.7   244.5   398.6   449.1   473.3   492.8   514.3   548.9   655.7  2254.0 28320.0 40803.7  12207.0    12255
read      416.4   765.0   173.5   219.7   230.8   321.7   396.0   451.5   490.9   535.9   590.9   684.6  1288.5  9353.5 31760.9  52179.0    52404
read      429.7   675.7   173.5   223.9   237.3   389.7   456.2   486.2   505.7   529.4   557.5   619.2  1303.0  8924.1 31688.3  17144.0    17057
read      435.3   752.6   187.4   252.0   277.3   377.9   409.6   428.2   442.0   462.3   494.3   555.5  1885.5  7917.3 36235.6   6052.0     6005
read      384.0   653.0   160.7   221.2   233.2   320.6   373.1   405.7   432.1   465.8   509.8   584.1  1075.5  7158.9 32304.5  85032.0    85707
read      378.2   570.4   160.7   220.1   231.5   318.4   372.6   406.3   434.4   470.4   520.3   596.6   900.5  7403.3 31168.4  79718.0    79742
read      381.2   543.7   160.7   218.4   228.9   313.9   373.5   418.5   456.7   502.1   553.2   626.6  1081.0  6219.1 30230.5  58562.0    58322
read      446.9   933.8   173.5   219.5   231.0   346.8   451.3   496.0   523.6   552.4   591.9   657.1  2116.9  8494.0 32492.6  26182.5    26212
read      373.0   511.8   173.5   218.3   228.7   310.6   363.9   400.1   431.6   474.6   530.4   608.2  1073.4  6780.3 30307.8  69398.5    69487
read      427.8   479.4   173.5   220.3   232.1   343.3   456.0   506.6   539.5   574.3   615.2   684.4  1854.3  5988.7 15925.6  29288.5    29507
read      426.6   582.6   173.5   222.9   236.2   337.8   419.2   472.8   515.2   564.8   624.2   732.3  1775.6  6508.3 30988.0  51447.5    51412
read      413.5   752.3   173.5   223.8   237.3   335.0   396.8   437.4   471.2   513.4   570.6   657.0  1134.1 11266.4 31481.8  67594.0    67374
read      448.1   890.7   173.5   224.3   238.3   342.6   417.5   467.3   506.8   552.8   613.2   700.2  1685.8 12064.5 32134.2  55238.0    55125
read      476.0  1009.1   173.5   224.6   238.6   350.4   440.4   496.0   537.1   585.4   650.7   776.8  2158.1 13122.1 35286.4  53004.0    53048
read      465.7   567.4   173.5   236.8   253.2   420.2   482.4   515.1   539.5   568.4   606.0   682.8  1921.9  6270.7 27411.3  12290.0    12192
read      476.5   868.7   173.5   225.5   239.7   364.5   465.2   519.6   559.3   606.6   669.1   785.6  2123.2 12065.9 32155.3  35718.5    36138
read      412.2   723.7   173.5   221.2   233.4   328.1   393.6   438.6   475.9   522.9   581.3   670.1  1192.5  9696.1 32158.4  60629.0    60799
read      442.9   649.6   160.7   222.2   235.8   343.8   440.5   495.6   532.2   572.5   620.7   704.8  2155.5  8585.5 30696.0  36559.5    36368
read      423.9   640.5   173.5   222.0   234.8   331.7   419.9   481.1   521.7   564.7   613.7   681.8  1989.9  7156.5 31633.6  39787.0    39729
read      371.6   584.4   173.5   221.2   233.2   318.3   366.7   396.2   419.5   449.2   491.1   561.2   921.0  8597.6 31041.5  95772.0    95693
read      413.3   647.7   173.5   219.6   230.7   323.5   406.7   464.7   503.0   543.5   589.5   661.2  1371.2  7225.1 31466.6  40975.0    40999
read      397.5   714.7   173.5   221.9   234.4   323.9   381.6   419.9   452.1   495.0   548.8   622.9   963.7  9637.6 31743.9  65344.0    65037
read      428.2   549.0   173.5   229.8   245.2   399.3   453.7   480.7   499.5   522.0   549.1   605.3  1514.3  4706.7 28707.4  12620.5    12633
read      420.9   771.1   173.5   220.9   233.3   329.4   397.6   445.7   484.1   527.3   577.7   648.9  1470.8  9248.6 31923.3  49921.0    50117
read      411.1   657.9   173.5   223.3   236.9   334.0   397.1   437.5   470.9   513.7   569.0   647.5  1313.6  8541.1 31474.3  62686.0    62765
read      416.6   326.0   173.5   229.3   245.1   394.8   445.8   470.3   490.2   511.1   543.0   596.3  1048.2  4982.3 12120.7  12465.5    12379
read      402.1   463.2   173.5   222.5   235.5   330.9   402.9   457.2   498.4   543.9   597.1   670.3  1110.9  6825.5 17791.3  49219.5    49369
read      406.4   499.6   173.5   220.7   232.6   328.4   411.0   469.6   507.3   548.4   596.0   667.2  1339.5  5824.9 28711.5  39437.5    39111
read      412.7   653.4   173.5   221.9   235.0   330.8   398.5   448.5   489.6   538.8   592.1   671.1  1435.3  7514.9 31404.5  52534.5    52692
read      420.3   511.7   173.5   222.1   234.6   356.3   458.2   500.7   528.8   559.4   595.2   658.6  1514.0  5513.1 29444.0  24512.0    24539
read      389.7   611.6   173.5   222.4   235.4   325.0   384.0   424.2   457.9   500.8   556.4   630.1   936.3  7074.0 31659.8  61645.5    61591
read      406.9   512.8   173.5   221.9   234.5   328.7   400.7   455.0   495.0   540.8   593.9   668.8  1361.6  6640.9 20281.2  47826.5    47864
read      427.8   374.4   173.5   229.6   244.7   402.2   467.9   498.5   519.9   544.5   579.2   639.8  1289.3  4335.2 14761.9  16358.0    16479
read      396.3   631.9   173.5   223.0   236.8   329.1   385.5   421.9   451.2   488.7   538.8   620.2  1123.2  8077.4 30384.9  74959.5    75268
read      458.7   980.3   187.4   243.6   264.1   398.7   440.0   463.4   481.1   503.1   538.1   608.0  1706.7  8927.6 43748.5   8816.5     8714
read      431.0   319.8   187.4   240.4   260.5   411.3   464.4   490.8   507.8   531.4   561.0   622.7  1063.3  3814.6 10169.1  12761.0    13002
read      357.1   208.9   173.5   221.7   234.2   321.5   374.8   408.7   435.8   470.4   515.6   585.9   770.8  1972.1  8557.6  77147.5    77147
read      392.7   194.1   173.5   225.6   240.3   346.3   424.7   476.3   513.0   553.9   602.1   668.2   828.7  1972.8  5100.6  43605.0    43518
read      405.0   187.8   173.5   227.8   243.2   372.2   466.1   508.1   536.0   566.3   600.7   646.6   763.8  1592.3  6110.0  27335.5    27206
read      377.4   182.8   173.5   224.2   238.8   340.8   403.9   446.7   480.2   519.3   565.7   629.9   771.7  1473.0  6254.7  55784.5    55859
read      466.6   618.6   160.7   229.7   245.1   367.0   462.8   520.2   560.9   605.1   665.6   822.7  2136.3  5790.6 29728.4  37799.0    37448
read      405.2   660.0   173.5   221.5   234.0   326.1   399.8   454.3   492.6   533.9   580.0   639.4   884.6  8754.2 31314.4  45194.0    45026
read      360.6   364.4   173.5   222.3   235.5   320.9   367.9   395.3   417.2   445.4   485.2   551.8   842.6  5072.2 13949.9  99993.0    99974
read      378.1   512.3   173.5   221.4   233.7   319.6   376.3   415.2   448.0   491.6   543.7   614.0   845.1  5345.7 30135.3  64580.0    64632
read      382.7   340.8   160.7   222.1   235.2   325.9   395.0   444.4   483.1   526.7   577.0   641.2   940.7  3859.8 10151.1  49023.5    49061
read      375.0   406.1   173.5   222.9   236.2   327.3   380.5   413.2   438.5   472.7   521.1   593.4   877.4  5054.0 11922.5  80575.0    80418
read      423.7   334.2   173.5   227.0   241.6   400.0   466.7   497.7   519.3   544.5   579.1   639.6  1127.4  4612.6  8113.8  16470.5    16471
read      433.6   585.4   173.5   221.6   234.4   345.4   447.3   502.3   539.4   581.5   634.5   770.2  1532.0  5496.4 31852.5  35576.0    35694
read      516.1  1150.9   173.5   226.4   241.7   407.8   469.5   504.4   531.2   563.2   608.7   705.9  3765.5 13171.0 32430.8  13876.5    13935
read      424.3   757.7   173.5   224.2   238.3   338.1   394.9   430.9   462.0   502.5   563.7   691.2  1768.2  9189.6 32413.6  79821.0    79838
read      387.5   431.2   173.5   219.4   230.4   318.2   389.0   441.2   480.4   522.0   569.5   636.3  1068.4  5907.1 14027.5  48946.0    48842
read      439.9   720.9   173.5   223.5   237.7   389.3   462.0   495.4   518.9   547.5   587.3   651.3  1742.7  7116.5 31901.7  17752.0    17708
read      435.3   724.3   173.5   219.6   231.2   345.6   445.1   493.2   524.7   559.7   602.4   682.3  1645.4 10300.6 30367.4  31333.0    31401
read      369.4   459.0   173.5   218.3   228.9   308.6   364.6   407.1   444.9   490.6   544.8   619.5   934.3  4071.3 30235.1  62010.0    62091
read      363.0   452.1   173.5   219.3   230.0   312.5   360.6   390.5   414.2   445.4   490.9   564.0   947.0  5530.8 13457.7  87378.0    87121
read      369.7   514.2   173.5   219.5   230.2   313.5   365.6   398.1   424.8   459.4   506.0   580.1   891.1  6094.8 25730.6  81613.0    81929
read      379.5   247.5   173.5   218.6   228.9   318.7   400.5   458.4   496.0   534.9   578.7   636.6   945.7  3027.2  7942.2  41633.5    42013
read      363.6   470.4   173.5   219.4   230.6   313.1   361.1   390.3   413.0   443.2   486.7   555.6   933.9  5608.7 26785.8  90636.5    90709
read      375.9   615.0   173.5   218.0   228.3   311.6   365.9   402.5   433.7   474.1   526.8   596.5  1005.4  7068.0 28754.7  68049.0    67578
read      374.6   295.4   173.5   219.3   229.8   314.5   373.3   418.7   457.8   503.1   556.2   633.2  1161.5  3844.2  9117.2  58377.5    58116
read      374.5   433.9   173.5   219.7   230.8   316.3   371.6   408.8   440.1   479.6   532.1   605.9   972.0  5641.8 12040.4  69150.5    68886
read      366.4   430.0   160.7   221.7   234.2   323.8   375.8   405.7   430.2   460.8   502.5   573.4   820.3  5064.8 19471.6  93373.0    93119
read      348.3   327.3   173.5   219.0   229.6   310.2   355.6   383.6   404.6   433.7   471.6   537.6   790.7  3943.9  9141.4  95061.0    95079
read      361.5   422.9   173.5   218.5   228.7   309.0   357.7   390.5   418.2   455.5   506.7   584.2  1009.0  4697.2 12788.4  77664.0    77456
read      551.3  1397.7   173.5   221.9   235.5   404.7   485.6   528.7   560.1   598.1   641.0   727.9  4484.1 29257.0 37871.4  15692.5    15723
read      522.4   980.1   173.5   228.3   245.3   423.1   493.5   528.5   551.2   580.3   617.9   686.9  3831.3  8164.9 44276.8   9921.0     9867
read      555.1  1431.5   187.4   234.0   254.5   412.3   470.6   499.0   519.2   543.3   578.7   666.3  4287.4 31006.1 37013.9   8205.5     8176
read      426.2   654.5   173.5   222.9   236.9   337.0   390.3   423.6   452.4   492.7   554.8   732.4  1794.7  6388.2 30676.3  89516.5    89745
read      415.0   267.9   173.5   230.3   246.7   399.9   449.1   472.9   491.3   509.6   539.9   588.9  1026.9  3972.9  8099.7  10982.0    11058
read      368.3   444.3   173.5   219.5   230.4   313.8   364.1   395.7   422.4   458.1   505.3   579.7  1083.2  5331.3 11024.1  81294.5    81413
read      428.8   781.7   173.5   220.9   232.7   371.1   456.8   492.5   515.9   542.3   576.5   630.2  1039.9  9781.7 36715.6  21516.0    21659
read      412.5   477.6   173.5   219.5   230.5   346.5   449.6   492.1   518.9   547.8   586.3   645.2  1424.1  6441.4 15768.2  27082.5    27181
read      413.1   300.7   173.5   223.5   237.1   389.9   460.5   491.7   512.1   537.6   569.9   623.2  1081.5  2935.2  9782.5  17389.5    17420
read      415.9   310.8   173.5   223.5   236.9   370.6   469.0   509.0   536.3   566.0   600.2   659.2  1010.5  3967.7 10020.0  23068.0    23028
read      403.8   333.5   173.5   221.1   233.3   334.6   432.6   486.1   519.3   554.7   594.1   656.3  1222.2  4791.5  8863.4  33441.5    33694
read      391.7   315.8   173.5   219.7   230.5   329.4   428.1   480.9   513.3   547.4   585.8   638.6   937.3  3839.3 10102.2  32979.0    32735
read      384.5   524.4   173.5   219.7   230.7   316.0   377.8   424.1   462.3   508.3   563.5   634.1   973.2  5944.5 30611.2  57642.5    57645
read      390.6   498.8   173.5   219.2   230.0   320.5   397.4   453.7   494.5   536.8   582.7   644.8   981.3  4382.9 30124.6  44841.0    45216
read      382.7   471.5   173.5   219.9   231.5   318.8   378.9   424.0   461.6   509.0   563.7   632.6  1077.9  6049.1 28113.8  57428.0    57659
read      362.9   422.8   173.5   220.8   232.8   316.2   365.1   395.4   420.2   452.8   499.1   572.8   922.7  4460.0 16677.5  85306.5    85443
read      475.6   849.5   173.5   225.4   240.0   393.7   457.3   490.3   513.7   544.9   589.1   667.5  2785.3 10818.1 31522.3  14555.0    14390
read      428.7   620.3   173.5   219.5   230.8   340.2   444.8   495.3   527.7   562.1   605.0   685.7  1529.3  9517.7 29442.9  31506.5    31520
read      399.6   718.5   173.5   222.9   236.2   329.1   388.9   427.8   461.2   504.4   562.7   644.3  1411.2  5757.0 35697.3  66951.5    67089
read      533.6  1296.5   173.5   223.8   237.9   399.2   471.7   510.9   542.0   581.8   633.1   731.9  4114.8 25762.6 38959.2  16573.5    16537
read      498.4  1028.6   173.5   223.8   238.2   400.2   485.7   527.1   556.0   591.7   642.0   742.3  2635.4 13897.4 37609.1  19075.0    18930
read      385.8   317.9   173.5   219.2   230.4   320.3   395.8   451.7   492.8   537.7   585.7   650.0  1060.1  3779.7 12364.2  46531.5    46784
read      361.3   308.1   173.5   220.8   232.9   320.4   370.7   401.0   425.4   455.6   497.0   567.5   852.1  4705.0 10640.3  93194.5    93102
read      365.7   540.6   173.5   219.8   231.0   314.2   362.6   393.1   417.7   449.7   494.8   568.8   897.1  5921.1 31429.4  89995.0    89799
read      367.3   394.7   173.5   219.6   230.7   313.0   367.2   403.9   436.5   479.1   530.9   601.7   857.6  4873.7 12824.0  66440.0    66551
read      365.1   428.7   173.5   221.1   233.3   321.6   372.4   403.0   428.2   460.1   502.2   573.9   852.0  4277.5 18138.1  92915.5    93104
read      373.2   295.4   173.5   217.2   227.8   315.3   388.7   443.4   480.7   519.3   561.5   619.2   922.5  3417.5  9363.4  43699.5    43768
read      380.5   383.5   173.5   219.2   229.9   316.0   380.1   427.8   468.2   516.1   571.5   641.7   944.7  4720.7 11227.4  54130.0    54006
read      382.7   362.0   173.5   221.7   234.2   325.2   384.9   424.0   456.2   497.5   551.0   632.7  1141.5  4364.9 11560.7  64497.0    64618
read      365.8   522.8   173.5   219.4   230.4   315.4   366.5   397.0   421.3   452.1   494.7   563.5   772.8  6654.3 23506.0  86782.0    86482
read      371.7   523.4   173.5   220.1   231.4   317.1   369.8   402.1   428.9   463.8   510.5   586.0   907.7  6141.9 30486.2  77675.5    77459
read      368.2   263.7   173.5   220.9   232.3   317.6   375.9   418.8   453.8   497.4   548.7   619.9   925.0  3059.2  9757.7  61083.5    61365
read      377.5   324.4   173.5   220.9   232.9   319.6   384.5   430.5   469.6   514.9   564.2   629.8   880.1  3882.6  9612.4  52652.0    52346
read      369.9   399.7   173.5   220.8   232.7   319.0   369.1   399.2   424.3   457.0   502.5   580.8  1174.7  5213.2 10479.1  87243.5    87286
read      408.1   248.7   173.5   227.1   242.2   397.1   462.4   491.6   509.8   533.6   561.6   606.2   735.6  3583.0  8463.9  17518.5    17384
read      366.7   401.9   173.5   222.4   235.3   322.5   371.4   400.1   423.9   454.5   497.4   568.7   966.0  4446.7 13799.9  97887.5    98165
read      367.7   373.8   173.5   219.6   230.2   313.9   369.6   407.7   441.6   485.2   538.6   613.9   900.5  4860.3  9386.2  63304.5    63330
read      418.8   538.3   187.4   253.5   280.7   381.7   414.7   433.4   448.5   465.1   490.8   537.6  1119.8  8062.7 20142.5   5817.0     5866
read      407.1   342.5   173.5   227.4   242.2   357.5   429.3   477.1   510.9   548.4   592.2   653.3  1001.4  5053.9 10670.7  37361.0    37693
read      369.1   407.5   173.5   221.2   233.0   318.9   371.5   404.3   432.4   469.3   520.8   596.2   920.2  5215.6 16236.8  75415.5    75360
read      386.2   259.9   173.5   219.7   230.9   328.1   422.8   474.6   508.1   543.4   583.4   638.1   908.6  3137.9  7842.5  34841.5    34753
read      373.8   440.7   173.5   219.8   230.9   315.3   371.5   413.7   451.1   496.6   551.6   625.5   971.2  4176.1 13856.3  59877.5    59823
read      370.6   274.1   173.5   221.6   234.0   324.7   381.8   419.0   449.8   490.9   543.7   621.5   843.5  3858.4  8696.8  67897.0    68266
read      389.6   362.9   173.5   219.5   230.4   323.3   411.0   470.4   507.1   545.4   589.3   652.4   987.2  3900.5 13447.3  39281.5    39383
read      362.4   346.7   173.5   219.8   230.8   313.1   366.6   403.0   436.6   479.1   531.9   599.8   799.2  4081.1 12794.8  65121.5    65072
read      392.7   270.5   173.5   221.0   232.9   334.9   433.0   484.9   518.2   553.7   592.2   647.3   863.5  3452.6  9401.5  33270.5    33192
read      368.6   230.9   160.7   218.8   229.3   315.0   379.3   428.4   468.1   511.5   561.1   623.7   866.3  3786.0  6080.1  51943.0    51847
read      359.7   349.3   173.5   218.7   229.1   312.0   367.1   406.2   441.9   487.0   540.9   608.6   781.8  2988.2 13403.0  62642.5    62362
read      356.7   356.7   173.5   218.9   229.5   311.8   361.4   392.3   417.8   451.8   498.2   572.3   870.2  4028.1 12606.6  83788.5    84073
read      376.6   497.6   173.5   219.6   230.4   315.3   372.2   411.1   444.8   487.6   540.4   616.2  1039.9  5930.2 26983.3  64362.0    64213
read      404.3   291.9   173.5   220.5   232.3   348.2   454.0   499.4   529.3   561.1   596.2   652.1   990.8  3824.9  8922.6  27177.0    27059
read      371.7   291.8   173.5   218.7   229.6   316.6   376.8   424.6   465.7   512.8   566.5   633.8   855.0  3894.1  9270.0  54768.5    54703
read      351.7   327.9   173.5   220.0   231.4   313.9   361.5   390.3   412.1   439.9   479.5   544.0   788.6  3461.4 12541.2  98494.0    98366
read      401.9   546.8   173.5   219.3   230.0   335.7   438.5   486.9   516.8   548.0   585.1   638.6   822.4  6711.4 30487.1  29595.0    29565
read      353.4   274.7   160.7   219.2   230.1   310.8   359.5   391.6   419.0   456.6   506.6   580.6   793.8  3405.4  9892.3  74749.5    75000
read      384.0   422.2   173.5   221.4   233.9   325.2   385.5   426.6   461.5   504.6   560.3   633.6   996.0  5100.5 11812.2  62488.0    62235
read      375.8   267.5   173.5   219.9   231.2   319.1   389.6   444.6   486.7   531.7   581.1   639.9   849.9  3169.5  9640.1  48070.0    47788
read      360.6   282.4   173.5   220.1   231.7   318.6   371.6   405.7   435.5   475.0   527.9   599.6   765.8  3605.4  9604.6  69268.5    68928
read      395.8   273.3   173.5   221.1   233.4   333.1   428.4   487.7   525.9   565.5   608.3   670.7   969.9  3254.4 10131.7  36597.0    36478
read      367.0   512.8   173.5   219.5   230.5   315.1   368.2   401.9   429.9   464.9   512.2   584.8   796.9  5308.5 25726.1  75969.0    76067
read      383.3   479.4   173.5   217.4   228.0   315.8   387.5   440.2   479.5   521.2   568.2   630.1   889.3  7489.4 22338.8  47129.0    47020
read      357.0   324.4   173.5   219.5   230.5   316.3   366.7   397.6   423.0   455.7   500.3   573.2   817.9  3406.0 14129.9  81759.5    81656
read      412.3   359.7   173.5   223.7   237.4   388.5   455.1   485.5   506.0   531.7   562.9   613.6   889.6  6258.0 12524.4  16366.5    16396
read      403.0   292.7   173.5   221.0   233.1   370.1   457.3   494.5   517.8   542.3   574.8   627.0   852.0  3451.9 11566.3  21651.5    21661
read      373.9   351.3   173.5   218.9   229.7   318.1   384.6   433.1   471.8   516.1   565.0   627.6   835.1  4085.4 16265.6  50096.5    50156
read      382.3   395.9   173.5   220.3   231.8   322.7   388.8   433.8   470.8   515.2   569.2   636.6   986.2  4490.0 12960.8  54129.5    54102
read      380.0   543.5   173.5   220.3   231.8   319.3   375.1   414.8   449.0   493.6   548.9   627.7   917.7  5413.2 31008.4  65729.5    65670
read      410.3   392.2   173.5   224.2   237.8   385.0   455.2   486.1   505.6   530.6   561.3   614.8   841.0  5771.6 17215.4  17738.0    17584
read      401.6   321.6   173.5   221.3   233.8   339.1   443.1   494.9   526.8   560.4   598.6   660.1   957.7  3419.5 12837.7  30408.5    30347
read      411.1   406.3   173.5   222.3   235.2   372.8   460.7   496.5   519.8   545.6   580.3   634.0   909.4  6545.0 13677.7  21566.0    21534
read      422.2   418.4   173.5   237.0   255.4   398.9   444.9   467.8   485.5   504.6   533.3   583.3  1193.1  6173.8 16246.0  10301.0    10216
read      359.0   274.0   173.5   220.0   231.1   314.9   365.0   396.4   422.6   456.7   503.8   579.7   950.1  3492.2  8137.8  80350.0    80544
read      376.5   380.2   173.5   218.6   229.1   319.1   390.0   443.1   480.6   521.3   566.0   625.5   822.4  4846.9 12830.7  45782.5    45508
read      396.0   341.0   173.5   220.5   232.2   365.5   451.8   487.1   509.4   535.1   566.2   616.8   820.4  3183.5 10137.9  21516.0    21591
read      429.0   587.8   173.5   224.3   237.8   389.5   451.6   479.6   498.8   521.6   549.0   604.0  1183.8  7834.5 30655.8  15510.5    15435
read      421.0   546.9   173.5   226.9   241.7   399.6   457.9   484.9   502.7   525.3   551.8   601.9   917.3  6041.8 31138.0  14384.5    14502
read      414.1   472.3   173.5   223.9   237.5   387.4   453.2   482.3   501.2   524.3   551.2   605.1   869.8  8652.7 18777.6  16422.5    16369
read      378.5   234.6   173.5   220.1   231.5   322.8   401.7   457.9   495.7   535.0   577.8   634.2   869.1  2827.0  8091.3  41983.0    42077
read      396.8   490.8   173.5   220.3   231.8   327.1   415.1   471.6   507.6   544.3   585.8   642.1   962.8  5031.5 28161.6  38135.0    38334
read      425.4   571.7   173.5   224.1   237.6   388.8   461.3   492.8   513.6   538.2   569.2   618.5   937.1  6605.3 31837.7  17849.5    17694
read      364.0   342.2   173.5   219.8   231.3   316.0   367.9   401.2   429.5   466.7   517.9   591.5   885.7  4441.7 10152.1  74928.5    75056
read      371.8   314.9   173.5   219.3   230.4   316.2   377.4   426.8   468.3   516.4   567.8   631.6   876.8  3557.1 10064.2  53728.5    53845
read      424.7   671.7   173.5   228.0   242.9   395.5   450.3   475.8   494.2   514.2   543.7   591.2   805.0  9548.0 36678.6  13426.5    13319
read      361.3   379.2   173.5   219.3   230.0   313.3   363.1   394.3   420.8   456.8   505.8   585.7   908.6  4925.3 10386.7  77555.5    77808
read      377.1   309.8   173.5   218.7   229.3   317.7   392.1   447.8   487.7   528.6   574.0   635.9   905.0  3586.9 10877.8  44541.0    44423
read      387.3   251.8   173.5   219.2   230.3   345.0   444.6   485.4   509.7   537.3   571.4   623.9   776.2  2338.6 13216.2  25639.5    25669
read      359.5   305.3   173.5   218.9   229.6   313.8   367.8   403.3   435.2   477.7   531.4   600.6   794.7  3439.1  9156.1  66794.0    66463
read      384.0   262.6   173.5   219.0   229.8   322.4   417.7   472.1   504.9   539.5   579.0   630.8   869.6  3771.0  6966.1  35461.0    35396
read      389.9   383.9   173.5   219.1   230.4   328.6   425.2   477.3   509.0   541.8   578.7   632.4   887.9  3937.6 15386.6  33666.0    33885
read      444.1   834.9   173.5   231.0   247.1   394.2   443.0   467.0   485.2   504.8   534.5   586.1  1156.8 12264.9 37189.4  11644.0    11712
read      389.6   490.9   173.5   221.0   232.6   324.4   392.8   440.9   478.4   521.1   570.0   636.4  1001.6  6662.6 30270.9  51440.5    51485
read      361.3   206.4   173.5   219.4   230.3   315.0   372.2   413.6   450.0   495.2   545.7   612.0   794.1  2808.5  6508.2  59544.5    59378
read      347.0   282.6   160.7   220.0   231.1   312.0   357.2   385.1   405.7   434.6   475.3   542.8   729.5  3319.0 12224.2  94757.5    94757
read      375.2   416.5   160.7   221.4   233.6   321.3   376.5   413.3   443.8   483.0   536.9   614.6   899.4  5392.5 14696.2  71652.5    71707
read      415.1   433.0   187.4   248.9   274.6   376.2   413.0   433.4   449.7   467.5   497.3   557.4  1315.2  7651.7 15972.8   6234.0     6184
read      383.6   305.6   173.5   223.6   237.3   335.6   398.1   441.5   477.3   519.8   570.8   637.9   896.9  2973.7  9327.6  52360.0    52631
read      417.9   629.0   173.5   220.8   233.0   338.2   441.4   492.0   523.6   556.9   595.4   656.4  1042.8  9729.3 30490.8  31101.0    31188
read      362.1   426.8   173.5   221.2   233.3   317.4   366.4   396.5   421.1   453.2   497.7   571.1   814.1  5283.5 13551.4  91924.5    92326
read      352.6   263.2   173.5   219.5   230.8   313.7   363.5   395.2   421.4   456.0   502.9   572.9   764.5  3250.8  8173.4  78161.0    78268
read      361.0   432.0   173.5   220.6   232.1   314.7   363.6   394.7   420.7   455.6   503.2   576.8   846.8  3704.1 26456.4  78826.0    78655
read      389.8   288.4   173.5   220.0   231.4   332.9   438.0   487.9   518.3   549.8   587.1   640.4   827.6  2799.5 11069.5  30022.5    29798
read      358.5   285.8   173.5   222.3   235.2   322.5   371.7   400.7   423.8   452.6   492.9   561.8   820.0  3559.0 10465.5  95932.0    96196
read      386.3   308.2   160.7   220.4   231.5   323.3   410.1   469.9   509.7   550.2   594.4   662.2   913.3  3301.2 17611.4  39296.0    39289
read      410.2   353.9   173.5   226.9   241.6   394.1   450.2   475.7   494.2   514.5   543.0   592.1   901.3  6496.7 14153.0  14086.5    13806
read      359.0   431.8   173.5   220.2   231.7   314.4   362.7   392.6   416.5   448.1   493.0   563.4   807.1  5188.1 17224.1  86410.5    86543
read      372.4   470.1   173.5   220.8   232.5   318.0   373.7   412.3   444.8   486.2   539.4   614.2   833.7  5578.9 29652.7  67072.5    67095
read      405.5   276.2   173.5   224.7   238.7   391.9   452.5   480.8   499.6   522.0   548.3   596.5   861.5  3793.3 11054.7  15113.0    15164
read      398.5   205.4   173.5   221.9   234.4   370.4   458.6   494.8   518.3   543.9   578.0   629.0   846.8  2317.1  6150.1  21498.0    21544
read      372.4   401.6   173.5   221.5   233.9   323.8   377.8   409.5   435.6   469.4   518.0   594.9  1046.4  4045.8 12517.4  80410.0    80587
read      365.2   477.3   173.5   220.5   232.3   315.4   364.8   395.5   420.8   453.7   498.9   575.3   827.9  6421.8 28701.3  90843.5    90870
read      408.8   325.7   173.5   222.4   234.6   382.9   456.6   488.0   507.4   531.9   562.0   615.8   926.0  4047.6  8056.9  18412.0    18274
read      402.1   461.6   173.5   220.2   231.9   334.0   428.5   479.3   512.8   548.6   589.4   652.6  1058.6  6063.9 24052.6  33469.5    33727
read      408.5   360.4   173.5   229.5   245.4   391.1   438.8   462.4   479.2   499.6   526.8   572.3   966.2  5920.8 15505.1  11348.0    11433
read      426.8   617.9   173.5   225.0   239.2   387.0   456.0   486.9   506.5   531.3   561.1   611.6   929.9  9875.8 30890.1  16957.0    17009
read      388.0   447.5   173.5   221.8   234.3   327.9   389.3   429.7   463.8   506.6   561.8   639.0  1092.4  5626.0 22548.0  61505.5    61531
read      352.4   203.3   173.5   219.8   231.0   313.1   363.4   395.3   422.1   458.1   506.8   579.1   792.1  2879.7  6828.6  77891.5    77691
read      360.9   207.1   160.7   221.0   233.2   319.3   372.6   405.6   433.5   468.9   519.9   596.2   879.5  3123.9  5124.0  75529.5    75329
read      369.1   488.9   160.7   220.7   232.8   319.7   372.6   404.6   431.2   465.1   511.3   583.1   811.6  4880.7 30598.9  79958.5    79936
read      374.3   326.0   173.5   222.5   236.1   329.0   385.5   421.2   449.1   483.6   531.2   605.6   883.1  3842.8 10465.1  74828.0    74872
read      410.8   409.3   173.5   250.4   274.7   389.4   427.2   447.3   460.8   476.4   502.3   548.4   682.9  7028.8 16073.0   7454.5     7464
read      422.7   377.2   187.4   244.7   266.0   405.9   452.8   476.0   494.2   513.4   539.9   582.5   691.8  7340.2 13326.4  12053.5    12219
read      421.9   249.3   173.5   238.1   257.0   404.9   471.6   505.1   528.2   552.6   585.9   634.1   739.4  3077.1 12926.4  19795.5    19906
read      422.3   328.6   187.4   239.9   259.6   403.1   466.1   496.5   517.4   541.8   574.4   624.6   732.7  3746.5 19123.0  18084.0    18108
read      420.7   418.2   187.4   262.7   294.3   395.6   429.1   448.2   461.9   478.4   502.5   544.8   671.7  8322.1 14565.1   6719.0     6498
read      417.4   364.6   187.4   265.9   297.9   389.9   422.3   440.4   456.4   472.6   501.9   550.8   712.3  6430.1  9456.4   5791.5     5794
read      389.2   222.1   173.5   227.4   243.6   363.0   422.6   458.5   486.1   518.8   560.8   623.6   769.2  2303.5  6092.9  53847.0    54376
read      408.7   256.0   173.5   237.8   256.0   405.7   451.9   474.6   492.3   510.0   537.9   579.6   683.0  1738.6 10450.8  12589.0    12545
read      347.3   141.2   173.5   220.3   232.8   321.2   373.5   403.7   427.8   457.4   496.4   553.7   684.6   933.4  4059.5  85801.5    86110
read      397.7   184.8   187.4   241.4   262.1   393.6   431.9   453.4   467.7   487.3   509.2   552.7   687.8  2348.4  8827.8   9733.0     9730
read      355.4   156.1   173.5   222.1   235.8   327.1   382.1   414.6   438.8   469.1   508.8   573.0   711.1  1128.8  6743.8  81796.5    82140
read      355.1   169.4   173.5   221.5   234.4   326.5   382.4   414.5   439.2   470.2   509.7   574.5   703.8  1126.6  6417.5  78193.5    78511
read      359.5   231.4   160.7   221.9   235.0   326.8   381.7   415.8   443.8   478.9   523.6   585.6   704.2  1353.6  8251.8  68270.5    68231
read      410.5   293.6   173.5   238.8   257.5   404.6   449.9   472.5   490.2   507.8   535.5   580.7   695.4  2765.5 11817.8  11595.0    11420
read      340.7   179.1   160.7   219.7   231.3   314.2   364.0   393.2   415.3   442.7   479.2   536.4   658.1  1034.1  8154.6  89763.0    89777
read      351.0   197.9   160.7   219.7   231.8   322.7   377.5   409.3   433.3   464.2   505.2   568.2   689.4   979.4  5969.2  75300.5    75189
read      340.3   189.6   160.7   220.6   233.0   315.4   363.3   391.2   411.9   437.8   473.7   531.5   660.2  1006.6  8380.2  96297.5    96119
read      356.5   185.8   173.5   220.3   233.0   326.5   383.0   417.6   444.1   477.6   519.9   581.6   707.1  1014.2  9167.5  69635.5    69998
read      353.8   164.4   173.5   222.0   235.5   325.2   380.2   412.1   436.5   468.0   508.2   569.9   697.9  1205.7  5144.9  79228.5    79345
read      408.7   261.0   173.5   229.3   245.0   389.1   469.6   503.5   526.8   551.2   583.2   629.4   735.3  2118.7  9987.3  21995.5    21991
read      340.1   161.8   173.5   220.6   232.8   315.8   363.5   391.7   412.9   438.9   474.4   531.5   666.1  1012.1  5168.2  99522.5    99920
read      408.4   232.3   173.5   232.8   248.9   404.9   459.1   484.7   501.9   524.2   550.6   597.7   712.9  2312.8  9472.8  15147.0    15067
read      338.8   146.1   160.7   219.9   231.7   314.6   362.9   390.9   411.4   436.9   471.3   528.5   655.0  1023.2  4858.4  96372.5    96201
read      396.0   205.8   173.5   225.2   240.4   360.8   454.1   496.6   523.4   551.5   586.5   634.0   743.6  1570.4  7744.0  28277.0    28442
read      393.0   203.2   173.5   225.8   240.7   370.5   453.5   488.1   509.2   534.0   563.0   605.4   689.1  1526.6  8342.5  23754.0    23738
read      411.9   370.9   173.5   242.7   263.4   398.6   440.1   462.2   477.8   497.9   523.7   565.7   679.7  5797.3 16346.0   9418.0     9437
read      341.8   174.8   173.5   220.1   232.3   317.7   367.0   395.1   416.2   441.6   476.4   533.4   653.8   938.0  8980.0  96510.5    97039
read      386.6   237.4   173.5   223.8   238.4   344.0   423.1   473.8   506.2   541.8   582.4   635.1   747.3  2046.2 10009.4  39812.0    39843
read      408.1   245.7   173.5   239.9   258.9   405.0   449.6   470.9   488.4   506.2   532.6   573.5   685.5  2808.0 12628.7  11500.5    11616
read      377.2   233.0   173.5   224.1   239.0   343.1   403.0   442.6   472.3   510.1   556.4   618.5   745.2  1925.5  8931.8  55976.0    56350
read      412.4   380.5   173.5   227.3   242.9   374.2   458.5   498.0   523.0   548.8   581.8   629.8   742.7  6063.0 15314.6  24823.0    24650
read      388.6   189.2   160.7   224.5   239.4   350.2   437.2   484.1   512.9   543.5   581.5   632.8   743.4  1059.9  5651.0  33740.0    33825
read      370.6   160.6   173.5   222.9   237.5   337.3   399.9   441.6   474.6   512.3   554.8   612.2   721.9   942.9  6257.2  54261.0    54193
read      351.2   181.3   160.7   220.6   233.1   321.1   373.6   405.2   430.7   462.6   504.7   567.9   689.5  1841.9  9768.0  76386.5    76287
read      392.9   230.1   173.5   223.8   238.7   354.0   446.7   492.0   519.6   547.4   583.3   632.6   727.3  1247.8 11466.2  30564.5    30507
read      379.8   177.6   173.5   223.7   238.2   336.9   412.2   464.9   501.1   538.0   579.3   633.5   742.9  1573.7  6536.5  43541.0    43736
read      350.3   161.0   173.5   220.7   233.4   324.0   376.5   406.2   430.2   459.4   498.9   560.5   692.7  1111.6  5478.7  81478.0    81903
read      344.3   141.6   173.5   219.4   231.0   317.3   370.4   400.5   424.4   454.3   494.1   550.4   675.0  1069.3  4724.7  80693.5    80570
read      344.4   170.9   173.5   220.1   231.9   318.4   368.9   398.0   420.4   447.7   484.3   540.5   671.4  1250.5  5969.6  90583.5    90992
read      352.2   201.2   173.5   220.5   232.6   322.5   376.3   407.4   431.6   461.9   502.6   565.8   690.2  2355.9  9238.6  79063.0    78961
read      386.0   290.5   173.5   223.6   237.9   345.0   424.8   473.6   504.5   537.3   574.2   624.8   723.1  2142.8 11384.5  37973.0    37791
read      339.6   147.1   173.5   220.3   232.2   315.5   364.6   393.0   414.1   440.0   474.8   531.4   657.2   983.4  5943.7  97627.0    97764
read      359.3   182.9   173.5   221.6   234.9   329.9   385.4   419.7   447.0   481.2   526.2   590.9   719.2   954.7  7309.6  71090.0    71081
read      392.9   213.0   173.5   224.4   239.1   351.2   441.0   490.1   521.3   554.1   592.8   648.1   765.5  1174.3  8040.9  32445.5    32361
read      389.0   213.6   173.5   223.7   238.6   345.6   422.6   475.4   512.8   551.4   592.2   649.3   778.4  2522.2  8372.9  41410.5    41597
read      391.6   272.8   173.5   224.4   239.3   348.3   434.7   483.8   515.6   547.8   584.8   635.8   747.3  2045.4 10114.2  36395.0    36321
read      341.2   154.6   160.7   221.2   233.8   317.7   365.5   393.0   413.5   438.7   473.6   531.5   656.2   976.3  7277.2  97320.0    97570
read      378.0   189.8   173.5   223.9   238.5   340.4   405.6   450.6   484.4   523.0   567.2   626.1   747.3  2575.1  8107.7  50522.5    50500
read      394.6   227.9   173.5   225.6   240.6   353.6   443.8   490.1   519.2   550.2   585.1   634.6   740.1  3027.7  8485.2  32343.0    32308
read      404.5   292.7   173.5   234.1   250.3   400.7   451.9   475.5   492.8   510.3   536.2   573.1   645.1  4059.4 12134.9  14081.0    14115
read      367.2   183.2   173.5   222.8   237.0   337.4   395.5   431.0   459.2   493.7   538.7   600.8   729.9  1063.4  8800.4  64641.5    64826
read      363.6   156.9   173.5   223.4   237.9   334.2   390.2   424.4   452.1   486.4   530.6   592.5   723.6  1127.0  5717.6  67932.0    67795
read      344.2   162.0   160.7   220.9   233.7   318.7   368.0   396.5   418.5   445.6   482.6   540.1   674.5  1043.1  7963.4  92286.0    92688
read      356.4   162.9   173.5   221.7   235.2   328.5   383.8   416.2   440.7   472.1   513.8   574.4   690.5  1085.3  7310.2  74171.0    74427
read      399.9   232.5   173.5   226.6   242.3   357.9   452.1   500.6   531.5   564.1   599.8   648.8   749.2  1270.4 10558.5  31275.5    31361
read      382.7   238.9   173.5   225.6   241.0   343.1   409.6   455.0   489.8   530.1   577.5   638.8   768.2  1211.6 12882.2  50527.5    50686
read      406.1   363.1   173.5   226.3   241.7   370.6   460.6   501.2   528.2   556.9   589.3   635.9   750.9  3025.5 15943.0  26788.0    26859
read      408.4   201.5   173.5   233.2   250.0   405.4   462.2   490.0   508.0   531.5   558.7   599.3   718.1  1148.4  9818.0  15727.5    15666
read      339.5   162.8   173.5   220.1   232.1   316.2   364.0   391.5   411.9   436.7   471.5   527.0   643.7  1017.3  5937.6  97028.0    97479
read      387.6   214.2   173.5   223.3   237.3   339.1   418.4   473.0   509.8   550.3   593.6   650.7   779.7  3053.9  7703.0  40851.5    40641
read      398.6   378.7   173.5   224.0   238.0   345.1   435.9   490.5   526.0   562.7   603.0   657.4   792.3  2819.6 19950.2  35390.5    35398
read      366.7   180.7   173.5   223.2   236.8   332.9   391.7   427.7   456.4   491.7   538.1   607.8   767.2  1919.9  7318.5  68901.0    68885
read      358.3   244.5   160.7   222.5   235.9   327.5   382.2   413.4   436.4   466.7   506.5   571.3   712.6  2496.0 13090.1  82470.0    82658
read      401.3   205.6   173.5   226.7   241.6   351.9   442.0   500.0   539.0   579.4   624.2   683.0   798.7  1879.3  5433.9  37570.0    37588
read      413.0   205.1   173.5   229.6   245.0   396.8   477.2   512.8   536.4   562.7   593.1   638.2   746.5  2110.2  7574.0  19374.5    19382
read      389.9   292.1   173.5   223.5   237.6   341.5   422.6   477.6   514.1   551.4   594.1   649.2   763.1  3040.3  7849.5  39805.0    39597
read      376.2   239.7   173.5   223.9   238.2   335.9   397.4   437.7   471.1   510.6   561.7   628.4   779.8  2137.3 12110.3  57096.0    57154
read      386.3   307.0   173.5   225.1   239.5   341.1   408.5   454.1   489.2   530.7   580.2   644.6   799.8  2831.3 15962.9  52549.5    52183

Total QPS = 50345.5 (55380044 / 1100.0s)

Total connections = 64
Misses = 0 (0.0%)
Skipped TXs = 0 (0.0%)

RX 13678871115 bytes :   11.9 MB/s
TX          0 bytes :    0.0 MB/s
Warning! Detected max cpu usage > 95%
CPU Usage Stats (avg/min/max): 99.99%,45.69%,100.00%