Timestamp start: 1685007021257
Timestamp end: 1685008121894

#type       avg     std     min      p5     p10     p50     p67     p75     p80     p85     p90     p95     p99    p999   p9999      QPS   target
read      428.0   303.5   187.4   261.7   289.4   411.8   452.9   475.0   494.1   515.0   543.2   587.2   737.9  3955.3 12560.5   7427.5     7434
read      376.7   184.0   173.5   225.1   239.9   342.8   403.6   440.8   470.1   507.6   554.7   625.9   771.6  1930.3  8074.0  66622.0    67201
read      358.4   154.3   160.7   223.4   237.4   328.1   382.3   415.3   440.8   472.5   516.8   584.6   734.7  1720.5  3885.2  85895.5    85927
read      379.6   206.2   173.5   225.1   240.0   340.8   403.0   443.8   475.1   515.2   565.0   633.1   797.4  2564.6  6510.8  64039.5    63953
read      422.3   265.9   173.5   230.0   245.8   369.1   478.0   532.4   566.8   604.8   647.9   711.5   865.2  2489.2  6139.4  31723.0    31595
read      418.1   468.1   173.5   228.9   244.7   354.4   415.9   454.2   484.3   523.4   579.5   696.6  1589.3  5687.5 24207.9  87634.5    87879
read      717.3  2069.0   187.4   256.9   284.2   435.2   491.4   525.6   550.4   588.2   656.9  1075.8  8926.9 34030.7 42644.5   7342.0     7287
read      495.6  1073.7   173.5   227.2   243.0   365.8   445.4   496.5   535.4   584.6   655.9   800.6  2522.3 14669.3 37173.5  62142.0    62295
read      837.1  2610.7   187.4   254.6   283.5   433.7   490.7   523.7   547.2   583.6   644.6   875.6 11713.6 32241.5 54351.0   6732.0     6561
read      720.9  1981.1   173.5   227.8   246.3   425.5   543.9   614.7   667.1   725.7   809.8  1091.7 10411.4 31297.1 38434.9  22535.5    22532
read      426.6   675.0   173.5   224.0   238.0   339.6   407.7   455.6   494.4   540.9   599.8   693.2  1935.7  8693.4 31635.6  60286.0    60653
read      416.9   727.5   173.5   223.1   236.9   334.8   400.8   448.9   487.3   533.1   588.4   670.8  1196.8 11331.8 31172.7  59268.5    59076
read      433.1   812.2   173.5   222.8   236.6   334.4   399.5   446.6   486.2   534.7   592.5   682.3  1983.9 11026.7 32378.2  60152.5    60154
read      543.3  1280.5   173.5   225.8   241.3   394.5   491.5   540.0   574.5   616.8   676.4   805.2  3557.8 18356.3 36420.0  23093.5    22964
read      933.6  2916.3   173.5   240.9   263.9   431.2   496.4   531.1   556.0   591.1   653.0  1541.9 13489.6 34168.7 41566.4   8184.0     8172
read      496.0   956.6   173.5   223.8   238.1   372.0   480.3   528.7   561.0   600.1   652.3   787.3  2570.4 13826.8 32833.3  27624.0    27652
read      451.9   831.5   173.5   222.7   236.2   342.2   440.0   502.1   540.4   582.2   628.9   703.4  2178.6  9723.6 32023.5  37470.5    37594
read      566.5  1412.3   173.5   224.6   239.4   394.8   497.6   549.0   587.1   634.1   707.4   851.6  4776.4 29715.9 37448.2  24342.0    24367
read      470.0   927.2   173.5   222.6   236.5   346.7   451.5   507.2   544.1   582.1   630.9   719.2  2520.6 11454.0 32115.4  33759.5    33771
read      433.4   829.7   173.5   226.2   241.4   350.2   408.9   444.8   473.3   510.4   564.2   655.8  1620.4 11435.2 32273.3  84789.5    84944
read      412.9   743.8   173.5   223.6   237.9   337.1   392.9   426.4   452.8   486.8   535.5   622.6  1663.9  9231.1 31890.6  85763.0    85666
read      430.4   715.6   173.5   222.8   236.7   333.5   404.2   457.7   501.2   548.7   606.3   686.8  2045.2  9170.5 31563.8  51891.0    51918
read      491.7   991.5   173.5   225.8   240.8   358.3   463.5   523.0   562.1   603.8   657.8   748.6  2822.1 11145.4 33254.2  34389.0    34406
read      449.6   586.6   173.5   224.4   238.5   360.6   470.9   521.0   553.0   588.0   634.0   730.6  2072.9  6354.0 31253.7  28731.0    28664
read      463.4  1016.3   173.5   223.8   238.0   344.3   436.7   494.7   532.6   574.6   627.3   715.8  2138.8 12717.7 45629.9  38295.5    38289
read      481.0   811.1   173.5   227.2   242.6   393.3   480.9   518.5   542.8   573.2   614.2   704.0  2958.7  8705.7 31667.4  20669.0    20658
read      588.5  1395.4   173.5   233.7   251.4   423.0   496.1   532.4   558.6   593.4   641.8   777.1  5457.6 27371.0 36648.4  13748.5    13840
read      462.8   769.6   173.5   229.6   246.4   367.7   428.9   466.6   497.9   538.8   598.8   771.3  2006.4 10815.7 31638.6  93305.0    93419
read      421.3   688.2   173.5   228.7   245.0   356.4   415.6   450.6   477.3   511.5   560.9   648.7  1036.0 10637.5 31129.5  98156.5    98284
read      407.5   621.5   173.5   222.6   236.2   331.3   390.9   429.6   461.5   503.0   557.9   646.4  1592.0  8366.8 31258.1  71533.0    71313
read      443.8   676.4   173.5   223.4   237.7   343.6   436.0   500.2   542.3   586.4   639.7   733.7  1935.3  7437.8 31255.9  42116.5    42089
read      426.0   798.9   173.5   221.1   233.7   329.8   406.1   463.4   505.2   547.0   596.5   667.9  1716.5 10305.8 32492.0  46003.0    46458
read      444.8   680.0   173.5   222.1   235.1   346.6   457.1   511.3   543.4   578.5   621.3   695.2  2027.1  8003.5 29235.7  30912.5    30755
read      431.7   584.5   173.5   223.0   236.9   338.6   425.5   487.3   528.3   572.7   625.7   716.9  1831.0  6493.4 30808.9  42719.0    42889
read      409.6   660.7   173.5   224.2   238.9   342.0   397.2   429.6   455.5   488.6   535.0   619.1  1239.1 10901.4 30157.2  93338.0    93552
read      432.6  1062.8   173.5   221.4   234.6   331.4   389.9   428.0   460.5   502.8   556.9   637.8  1417.1 14844.9 37718.2  65776.0    65694
read      444.8   656.8   173.5   223.0   236.5   349.6   457.3   509.0   540.7   575.9   618.9   692.1  2310.1  7112.5 31535.4  29627.5    29574
read      419.7   660.2   173.5   222.2   235.6   332.2   403.6   458.7   501.6   550.0   607.3   689.8  1233.7 10488.5 30809.5  51262.0    51355
read      418.9   820.3   173.5   222.3   236.0   331.8   391.9   431.8   465.5   508.0   563.9   651.1  1420.4 11234.5 31870.8  67545.0    67361
read      659.2  1843.9   173.5   227.8   245.2   421.1   516.3   566.6   601.5   640.8   692.0   817.9  8695.6 31744.3 37615.9  16399.0    16287
read      474.1   892.7   173.5   227.3   243.4   362.6   427.8   468.8   503.8   548.2   613.5   768.7  2137.0 12257.7 31951.3  81613.0    81508
read      404.3   728.2   160.7   222.5   236.2   330.7   385.1   418.1   443.5   477.1   524.5   604.7  1344.5  9835.2 31869.9  87652.5    87619
read      418.8   714.3   173.5   227.8   244.0   353.6   411.8   446.0   470.9   504.3   549.7   636.2  1108.8 10164.3 31190.8  99277.5    99068
read      427.1   752.7   173.5   223.5   237.5   337.0   410.4   463.7   504.2   551.8   609.5   689.7  1400.7  9257.7 32153.3  51547.0    51267
read      746.9  2327.7   187.4   234.2   253.5   425.3   494.4   532.3   560.4   595.4   653.9   856.4 10959.4 35889.3 47141.8  11827.5    11822
read      472.4   867.3   173.5   230.4   247.6   366.2   426.4   465.1   497.0   537.8   597.4   751.5  2162.7 11413.3 34897.0  97202.0    97494
read      423.7   832.0   173.5   228.4   244.5   352.7   409.1   443.2   469.6   504.3   551.8   639.1  1066.1 11523.4 36210.8  97543.0    97350
read      451.3   970.9   173.5   224.3   238.7   337.3   405.2   456.1   496.6   543.6   599.4   681.9  2381.4 10223.1 36845.1  55239.0    55460
read      414.3   715.7   173.5   225.2   240.1   342.6   401.7   438.0   467.0   504.4   554.0   639.5  1227.8 10446.6 32089.2  86251.5    85984
read      402.5   586.2   173.5   223.7   238.0   335.5   393.6   429.3   457.8   494.1   543.3   629.1  1371.4  8985.7 30312.1  82136.5    82043
read      438.7   922.7   173.5   224.1   238.3   337.9   409.0   460.3   500.3   547.3   603.4   685.1  1479.6 11631.9 32213.8  52886.5    52873
read      700.7  1963.3   173.5   230.6   248.6   435.2   523.8   569.3   602.1   639.4   689.9   833.7 10569.3 31934.9 37596.9  14057.5    13911
read      478.0   903.2   173.5   223.6   237.8   346.0   431.0   493.4   539.5   591.9   660.6   856.0  2309.4 12972.7 32016.3  49784.0    49984
read      698.4  2063.6   187.4   237.3   257.9   422.2   484.1   519.8   545.5   581.5   635.7   769.6  9913.8 31633.2 37460.5   9232.5     9274
read      523.8  1157.9   173.5   226.0   241.8   384.0   490.5   541.5   577.4   621.0   679.7   799.6  3356.6 13351.9 37483.7  27078.0    27187
read      743.4  2335.3   173.5   230.9   249.2   435.3   540.0   601.5   643.6   695.2   761.2   925.9 10449.6 32346.7 41792.5  18747.0    18735
read      457.1   850.4   173.5   227.1   242.8   352.5   409.5   445.7   474.6   516.0   579.3   770.5  1948.0 13301.2 31963.1  86444.5    86505
read      427.5   874.7   173.5   226.7   242.4   350.1   408.6   444.6   471.9   508.2   558.5   648.9  1185.9 12076.6 36695.2  93122.5    93039
read      432.6   899.8   173.5   225.2   240.0   344.9   407.4   445.6   475.6   515.5   569.2   653.1  1327.8 12470.9 32398.3  76010.0    75999
read      462.0   885.5   173.5   225.4   239.9   353.2   459.2   516.1   548.9   587.5   636.4   715.7  2091.4  9917.3 35613.8  32397.0    32324
read      407.9   698.9   173.5   223.7   238.0   336.1   393.1   427.6   455.2   490.7   540.3   628.5  1322.9 10071.8 31584.1  84021.5    84255
read      414.1   698.0   173.5   225.3   240.0   343.4   402.3   437.5   466.3   503.2   550.5   633.2  1173.1 10415.3 31498.8  81818.5    81759
read      477.9   949.7   173.5   226.6   241.6   354.5   451.1   511.5   550.7   593.6   643.2   730.9  2358.8 13230.3 32439.7  37456.0    37291
read      442.6   830.8   173.5   224.2   238.3   338.7   407.6   458.5   500.1   548.4   605.2   687.1  2104.9  9400.4 31843.6  53899.0    53818
read      441.6   628.9   173.5   223.8   237.6   351.2   459.9   510.1   541.7   578.4   623.9   692.2  1813.6  7786.6 30084.0  30347.5    30297
read      449.7   641.7   173.5   223.9   238.4   354.4   463.7   519.0   553.5   588.8   633.6   715.8  1867.0  8452.9 28408.2  31477.0    31569
read      425.5   640.7   173.5   221.9   235.1   337.6   432.7   492.3   529.9   568.6   613.5   683.8  1555.3  8561.7 31996.9  38755.0    38927
read      784.5  2504.5   173.5   233.5   253.0   422.8   493.0   530.9   557.3   592.1   650.8   957.1 10621.0 32021.1 53579.7  10468.0    10652
read      416.8   795.2   173.5   224.4   239.1   340.1   393.7   425.3   450.1   481.2   525.3   610.6  1717.1 10735.7 32491.0  97550.5    98119
read      429.4   796.4   173.5   223.1   237.0   335.5   409.3   463.6   505.4   552.9   609.5   683.7  1138.5 11213.3 31979.6  48257.5    48176
read      453.8   845.1   173.5   222.6   236.6   343.2   443.9   503.5   539.4   577.4   622.5   689.9  2105.5  9751.3 32267.6  34793.5    34929
read      402.0   597.3   173.5   222.1   235.5   330.0   387.8   424.9   456.3   497.2   551.8   638.7  1580.7  7726.3 30659.6  69827.5    69735
read      626.2  1929.7   173.5   225.3   240.9   397.9   492.3   538.3   572.7   616.5   685.9   838.6  5886.2 31616.2 43070.6  20784.5    20753
read      401.3   727.2   173.5   222.7   236.6   332.1   387.1   421.2   448.1   482.3   529.8   609.1  1086.0  9512.8 31990.1  84389.5    84642
read      448.0   789.7   173.5   222.6   236.5   341.0   426.3   483.4   523.3   567.6   620.4   695.3  2029.6 11138.7 32171.6  42317.5    42333
read      410.6   763.2   173.5   222.1   235.2   328.1   391.1   433.9   469.7   512.8   567.1   639.5  1144.2 11626.0 31973.6  61711.5    61587
read      411.5   823.1   173.5   222.2   235.4   330.9   388.7   424.8   454.4   492.6   543.5   629.2  1137.3 10465.7 35891.2  78221.0    77998
read      401.7   685.4   173.5   224.1   238.7   337.9   390.8   422.2   446.0   475.2   515.4   587.8  1112.2 11575.2 29478.3  97834.5    97625
read      446.4   592.1   173.5   224.2   238.4   369.3   473.1   518.2   545.9   578.1   620.3   693.3  1937.2  6352.8 30250.3  23877.0    23781
read      437.6   810.1   160.7   226.4   241.5   349.4   415.0   455.7   488.8   531.9   589.5   682.0  1608.0  9968.9 31958.2  66414.0    66723
read      461.3   830.7   173.5   223.8   237.9   354.9   467.8   523.8   558.2   596.6   644.0   734.3  2011.2  8976.3 32473.6  30841.0    31016
read      433.7   739.5   173.5   223.9   238.4   340.5   417.2   474.7   518.5   566.5   621.7   701.6  1436.3  9014.6 31974.8  47543.0    47394
read      428.5   801.1   173.5   227.8   244.1   358.1   417.8   453.7   480.9   515.5   564.7   646.7  1090.5 11085.4 31886.0  95334.5    95335
read      812.6  2915.0   187.4   258.6   287.0   393.2   436.7   463.5   484.5   509.5   561.5   718.8 12144.1 36753.2 46857.2   5263.0     5252
read      430.2   823.2   173.5   222.2   236.2   332.1   394.9   438.8   475.7   524.3   587.6   691.8  1896.0 10682.5 32027.8  65030.0    65908
read      643.2  1744.1   173.5   229.4   247.1   428.8   523.3   573.6   610.9   654.9   718.0   869.0  7212.8 30246.5 42931.9  17009.0    16889
read      476.6   888.4   173.5   225.6   240.6   353.3   446.1   510.1   555.3   604.7   666.2   793.5  2336.2 10300.6 35299.7  42838.0    42912
read      396.5   644.1   173.5   224.4   239.2   337.3   388.7   418.1   440.4   469.6   511.4   586.9  1247.9  8341.1 31608.7  99901.0    99898
read      457.6   776.6   173.5   224.0   238.4   363.1   468.1   512.8   541.1   574.0   616.4   685.4  2107.1 10440.0 30945.5  26211.0    26385
read      512.3  1021.2   173.5   225.9   241.1   391.9   491.6   538.7   570.9   608.6   661.9   786.4  3365.7 11771.3 32181.7  22772.0    22616
read      445.7   840.5   173.5   223.5   237.6   340.2   414.1   465.7   506.2   553.9   609.7   689.8  2058.2 10974.9 31679.6  50577.0    50605
read      420.7   707.8   173.5   226.0   241.4   350.0   409.1   445.4   471.9   507.9   557.2   643.2  1380.3 10272.6 31528.8  90450.5    90283
read      457.5   733.5   173.5   223.2   237.2   366.4   476.1   522.6   551.8   587.3   631.2   709.8  2006.1  7478.7 32413.5  26148.5    26273
read      433.2   790.8   173.5   221.8   234.9   331.9   407.2   464.1   507.5   552.3   607.2   684.5  2077.0  9310.8 31984.9  48578.5    48521
read      458.3   870.9   173.5   222.5   236.3   344.5   447.3   507.4   544.2   584.8   634.4   715.5  2185.6 11282.7 32380.1  33889.5    34058
read      421.4   840.9   173.5   222.9   236.9   336.3   394.8   430.7   460.1   497.7   548.5   636.6  1789.5 10595.8 35987.3  75806.5    75648
read      443.7   475.3   173.5   225.9   240.6   392.5   478.9   516.0   541.3   571.7   611.3   687.5  1623.7  6803.0 15176.1  19539.0    19482
read      762.0  2266.3   173.5   228.9   246.7   428.0   527.9   583.4   620.7   661.7   713.1   875.6 11452.5 32006.4 39953.6  15088.0    15054
read      439.9   813.2   173.5   224.0   238.4   341.8   403.0   444.6   478.8   524.3   586.4   731.3  1834.6 10637.9 32085.3  75952.0    75754
read      808.3  2806.2   187.4   264.9   293.1   400.1   447.4   474.6   497.2   527.5   578.5   905.1 11140.7 36867.9 44173.0   5231.5     5187
read      752.7  2196.5   173.5   227.7   245.7   423.5   530.0   589.7   630.4   677.4   739.7   919.9 11543.7 31528.3 37673.7  17474.0    17656
read      431.6   812.9   173.5   226.1   241.8   348.9   402.0   433.9   460.4   494.6   542.8   639.8  1861.9  9837.9 33040.2  96034.0    96343
read      429.6   675.1   160.7   220.5   232.9   333.1   427.1   486.8   523.2   561.3   605.3   673.2  1966.1  8619.2 31178.3  36759.5    36665
read      401.9   700.1   173.5   221.8   234.9   330.4   385.9   419.4   445.9   480.1   529.7   611.2  1115.8 10346.9 31248.0  85027.0    85269
read      472.2   798.3   173.5   225.6   240.3   356.6   468.4   525.0   561.9   602.2   649.5   740.5  2728.3  8122.2 32276.3  31688.0    31525
read      426.3   787.2   173.5   222.9   237.0   340.0   408.2   454.0   490.0   535.1   589.9   676.5  1294.0 12165.5 31975.0  61656.5    61798
read      732.6  2221.1   173.5   229.2   246.6   414.3   489.3   530.3   560.0   596.0   645.3   871.8 11502.2 32035.3 44876.4  12341.0    12253
read      508.4  1048.6   173.5   223.8   238.8   376.1   481.4   529.1   560.7   598.5   648.9   754.8  3466.1 12544.1 32124.8  25748.5    25710
read      411.9   737.5   173.5   223.8   237.9   336.0   393.4   428.7   457.2   493.1   541.0   621.9  1374.5 10181.7 31895.4  80237.5    79937
read      819.6  2629.0   187.4   243.7   269.3   415.8   471.4   503.1   528.7   560.3   610.8  1085.9 11141.8 32419.7 49734.0   7368.0     7271
read      489.6  1092.6   173.5   228.6   244.8   363.6   426.9   467.6   501.9   544.9   610.2   780.8  2361.4 15001.8 32291.2  85311.5    85861
read      404.6   716.5   173.5   223.5   237.9   335.5   388.4   420.4   445.6   479.0   526.1   613.1  1207.1 10148.6 32010.6  91650.5    91467
read      412.7   655.7   173.5   225.0   239.7   339.7   399.6   437.5   468.7   508.2   562.3   646.5  1157.7  9475.0 29636.9  72501.5    72217
read      454.2   535.4   173.5   225.3   240.1   358.4   471.5   525.1   559.6   598.3   645.0   730.5  2189.7  5892.5 22033.0  30937.0    31080
read      439.8   841.7   173.5   228.2   244.0   354.1   417.4   456.7   488.4   528.9   583.8   679.5  1494.9 12271.4 35837.5  77216.5    76878
read      417.9   717.7   173.5   225.6   240.7   345.3   404.3   440.7   469.3   506.8   556.5   648.2  1264.6 10547.4 31809.5  84667.0    84584
read      711.5  2188.8   173.5   232.9   250.5   425.9   509.2   552.4   585.9   623.8   676.3   810.7 10546.9 32191.0 37842.2  12511.0    12492
read      450.0   956.2   173.5   222.7   236.6   335.9   402.2   451.2   491.0   539.2   597.9   692.1  2097.4 12743.9 33070.5  56850.5    57106
read      405.5   668.3   173.5   224.9   240.0   343.3   398.1   431.3   457.3   489.5   533.9   612.3  1038.2  9487.2 31357.3  96327.5    96245
read      862.7  2749.0   187.4   247.3   273.6   417.7   473.0   502.9   526.3   553.7   603.6  1513.4 12357.3 36052.9 49865.7   6851.0     6791
read      443.5   808.2   173.5   226.4   242.3   353.5   411.5   447.0   473.3   509.6   565.7   692.1  1964.1 10419.8 31898.4  90068.5    90728
read      627.0  2149.9   187.4   265.9   292.7   383.8   423.9   448.6   468.0   497.8   542.3   696.8  6652.7 36315.6 37774.2   5190.5     5151
read      436.3   816.3   173.5   223.2   237.5   336.9   392.2   428.0   458.7   500.1   560.1   694.0  2202.7  9316.0 35295.0  82296.5    82969
read      457.9   865.7   173.5   225.4   240.2   346.7   435.8   501.7   547.9   595.2   651.9   737.1  1841.5 11271.9 32116.8  42757.5    42635
read      434.5   784.5   173.5   230.2   247.3   365.2   426.5   463.4   492.3   527.7   576.3   661.3  1003.3 12407.2 31758.6  99682.0    99337
read      436.6   719.6   160.7   229.6   246.5   362.8   421.7   458.4   487.5   523.8   575.2   675.2  1523.2  9243.2 31823.2  95102.0    95192
read      407.2   632.0   173.5   223.4   237.5   336.0   396.1   434.7   466.4   506.7   559.9   641.6  1163.3  9690.3 30549.1  69189.0    69200
read      431.9   673.5   173.5   223.5   237.6   340.8   419.1   476.4   521.2   568.7   625.8   714.4  1376.2  7983.9 31273.2  49332.5    49459
read      453.8   803.4   173.5   223.0   237.2   351.4   463.3   515.1   546.3   582.1   625.8   695.6  2213.6  8550.0 35197.5  29238.0    29055
read      427.4   735.8   173.5   224.7   239.2   342.3   405.2   446.9   479.9   522.4   577.6   663.8  1691.5  9378.5 31405.2  64126.0    64324
read      762.6  2419.8   187.4   256.6   284.9   403.4   450.4   476.0   498.4   526.3   570.4   815.9 11338.6 32076.8 37394.3   5786.0     5705
read      487.1  1006.7   173.5   226.9   243.2   359.9   422.0   462.0   496.0   540.6   612.1   909.0  2244.8 12947.9 36878.1  84476.5    84816
read      445.8   524.1   173.5   225.2   240.0   375.4   481.8   525.2   551.8   584.6   626.7   702.1  1962.8  4719.7 26352.1  23709.0    23714
read      404.1   739.6   173.5   221.5   234.5   328.3   383.7   418.3   446.7   485.3   538.9   623.2  1179.8 10145.3 32008.4  74269.0    74116
read      617.0  1562.4   173.5   226.3   243.0   409.9   507.4   557.3   595.6   642.5   708.4   841.7  7396.7 25883.3 37955.2  19937.5    19948
read      446.7   836.4   173.5   222.9   237.1   341.5   423.7   484.2   528.2   574.7   628.1   708.1  1773.5 10178.8 35443.3  44356.5    44213
read      586.1  1503.5   173.5   226.9   243.0   403.6   496.8   542.1   575.4   616.5   672.5   787.5  6349.9 27958.5 35232.3  19433.5    19454
read      986.2  3151.4   187.4   244.4   270.9   424.0   485.8   517.9   544.7   582.7   667.9  2788.1 12754.5 36914.8 52756.8   7227.0     7190
read      443.3  1056.7   173.5   222.7   236.5   337.4   415.7   474.9   519.7   568.6   627.0   729.0  1745.7 11157.7 36290.5  47570.0    47657
read      451.4   956.2   173.5   223.1   237.1   334.9   412.6   469.3   512.8   556.9   606.8   676.5  2070.4 11076.1 35515.9  44452.0    44399
read      642.9  2133.1   187.4   252.5   278.7   397.7   443.0   468.4   489.9   514.9   550.4   642.2  7677.2 35183.5 39676.7   6398.0     6481
read      976.9  3212.4   187.4   250.9   279.2   408.6   459.4   489.8   511.8   542.1   595.3  2159.0 13776.4 36473.4 40464.5   5842.5     5807
read      462.9   990.0   173.5   224.5   239.7   346.1   401.5   436.8   467.1   506.4   568.2   708.8  2541.8 13220.9 35805.5  83242.0    83137
read      722.8  2286.5   173.5   237.5   257.6   422.3   487.9   521.6   546.2   579.6   627.2   775.9 10302.2 32199.2 50438.7   9603.0     9580
read      470.3   874.4   173.5   223.4   237.4   350.1   447.3   505.4   543.6   587.2   641.5   742.9  2375.6 12769.5 31825.4  37252.0    37385
read      443.1   638.1   173.5   222.5   236.0   342.5   448.2   504.1   537.9   574.9   620.2   695.9  2140.1  8146.0 30734.9  33421.5    33706
read      462.1  1070.1   173.5   225.2   239.6   352.2   457.4   517.3   555.8   597.3   644.2   732.8  1956.6 11726.7 30487.5  35361.5    35204
read      431.5   729.1   173.5   223.2   237.3   337.5   409.5   462.7   505.6   555.1   612.3   692.0  1694.5 10023.9 31708.6  50469.0    50438
read      430.8  1133.0   173.5   223.2   237.1   336.2   411.4   469.8   513.4   562.2   617.8   692.8  1713.2  8387.9 31458.3  48759.5    48878
read      458.5   822.3   173.5   224.6   239.0   342.6   428.7   490.4   531.3   576.0   629.6   717.6  2386.8  9400.5 31927.3  42343.5    42682
read      467.4   768.0   173.5   225.2   239.8   362.5   474.2   524.6   555.2   589.8   634.2   712.4  2233.6 10626.5 35352.4  27585.0    27416
read      402.4   534.5   173.5   223.1   236.5   333.6   395.2   435.8   470.3   514.9   572.4   655.2  1455.0  7244.9 30346.3  64241.0    64424
read      422.0   835.6   160.7   222.7   236.3   331.1   391.4   432.0   466.0   509.7   565.0   643.0  1802.5 10190.4 36322.4  64459.0    64364
read      663.8  2024.7   187.4   263.6   291.7   396.6   442.4   468.8   491.9   519.7   560.9   762.3  8397.3 31955.1 37596.2   5445.0     5481
read      489.7   849.8   173.5   231.2   247.4   387.6   492.4   542.5   575.4   611.5   656.4   747.4  2444.3 10730.8 35675.3  26092.0    26227
read      463.3   641.5   173.5   226.6   241.7   376.3   487.1   535.8   567.7   602.9   648.0   740.3  1831.8  7778.7 29089.4  26494.5    26586
read      419.1   632.0   173.5   227.3   242.9   354.8   416.7   451.9   478.5   513.0   561.4   642.4  1231.8  8782.3 30625.5  86227.5    86286
read      483.8   935.5   173.5   225.6   240.2   374.4   477.1   521.1   549.8   585.8   630.8   717.0  2612.6 12945.0 35750.7  24443.5    24452
read      463.7   892.1   173.5   224.6   239.0   362.5   464.9   512.4   540.3   572.7   613.2   680.7  1945.6 11219.5 34118.7  26936.0    26832
read      455.0   681.2   173.5   226.1   241.0   362.4   471.5   525.0   558.4   594.9   640.8   716.8  1610.3  9048.1 30737.4  29667.0    29795
read      436.8   808.3   173.5   224.0   238.3   338.6   417.4   473.3   514.9   559.9   611.7   688.3  1720.2 10177.9 32085.7  45933.5    46224
read      422.7   703.6   173.5   226.2   241.4   350.1   408.5   444.2   471.4   506.8   558.0   647.0  1375.6  8941.8 32246.4  84612.5    84587
read      425.4   747.0   173.5   223.1   237.0   336.5   399.3   441.3   475.9   520.3   574.7   657.5  1544.5 11830.5 30198.5  63267.0    63389
read      442.1   928.9   173.5   222.6   236.4   337.1   413.0   470.1   512.6   558.6   613.7   690.3  1376.3 11858.0 36678.3  47383.5    46953
read      408.0   627.4   173.5   225.2   240.3   342.3   399.1   433.7   461.3   495.5   542.3   623.6  1134.9 10213.2 29655.3  90152.0    90536
read      709.5  2136.6   173.5   235.2   253.9   429.6   503.5   542.1   575.2   617.1   673.7   801.7 10956.7 31946.6 39372.4  12634.0    12508
read      472.5   886.2   173.5   224.9   239.8   353.8   450.3   513.1   555.8   601.3   657.9   770.2  2398.0 11094.3 32161.8  38274.0    38491
read      422.3   825.2   173.5   228.1   244.1   353.8   410.4   443.6   468.1   499.9   543.4   624.7  1045.7 11476.0 32394.4  97814.5    97806
read      615.5  1718.4   187.4   233.7   250.9   413.7   475.2   508.6   535.8   569.3   621.4   738.2  8384.8 30589.2 36827.7  11835.0    11813
read      480.2   826.0   160.7   227.7   243.0   358.3   453.8   516.9   560.4   606.7   662.8   775.1  2529.9  9895.1 31682.7  39690.0    39665
read      426.1   771.0   173.5   223.6   237.8   335.9   403.0   455.2   497.1   544.6   602.0   686.2  1652.6  9160.8 32243.1  53752.5    53571
read      434.0   812.3   173.5   224.5   239.1   343.1   406.5   450.0   484.6   528.5   584.6   669.1  1825.3 10974.7 31700.5  63126.5    63215
read      417.7   918.6   173.5   223.4   237.5   337.1   394.7   430.1   458.9   495.7   546.0   636.2  1673.4  9858.8 35252.1  78879.5    78767
read      693.5  2029.9   187.4   239.1   261.4   420.1   482.7   514.9   537.8   567.5   612.9   716.4 10501.9 30056.4 41389.6   8723.5     8615
read      465.4   858.2   173.5   226.5   241.6   350.0   416.3   458.7   494.3   542.2   612.3   794.1  2417.8 11914.4 33832.3  67404.0    67903
read      650.6  1783.1   173.5   229.6   247.0   422.6   511.2   558.9   594.0   637.0   695.5   840.6  9378.6 30802.5 38976.3  16433.0    16398
read      462.7  1164.3   173.5   222.7   236.5   339.2   413.0   467.4   510.7   561.5   626.2   745.1  1892.1 13880.7 35669.9  53228.0    53434
read      445.6   780.3   173.5   222.3   236.0   339.9   429.4   486.8   526.0   566.1   613.8   688.5  2209.8  9293.0 31801.8  37991.0    38068
read      502.0  1155.7   187.4   243.8   265.4   411.3   462.2   490.1   509.3   539.1   579.7   658.1  2017.9 15272.0 40177.2   9156.5     9130
read      467.7   882.0   173.5   226.2   241.4   351.1   415.6   458.5   494.6   542.8   612.2   778.1  2243.3 11503.7 32331.2  68813.5    69227
read      453.0   745.6   173.5   224.2   238.2   346.6   440.9   497.8   536.0   578.7   627.3   702.0  2441.5  7712.1 31320.9  37459.5    37496
read      429.8   787.1   173.5   229.1   244.7   354.3   417.2   454.3   483.1   519.7   570.5   656.6  1321.4 10388.7 31878.9  83842.0    83925
read      429.4   693.5   173.5   223.7   237.8   340.4   413.2   466.2   508.4   557.4   614.9   697.0  1666.0 10323.7 31428.2  50923.0    51037
read      459.7   781.1   173.5   224.3   238.7   351.0   458.6   517.2   554.4   595.6   646.5   735.8  2108.2  9721.3 35277.7  33651.5    33690
read      445.2   852.9   173.5   223.5   237.5   338.4   412.0   465.0   508.5   555.6   613.7   693.0  2163.9 10903.0 32292.7  51245.5    51474
read      414.8   731.6   173.5   222.6   236.3   332.6   390.8   427.7   458.2   498.5   553.6   644.1  1724.4  8948.7 32215.7  74085.5    73708
read      393.7   575.5   173.5   225.0   239.6   339.1   392.5   423.4   446.8   475.8   517.5   589.3  1035.5  8578.1 30314.1  98389.0    98618
read      419.9   737.2   173.5   224.2   238.8   341.2   401.0   436.3   464.9   499.9   547.2   631.1  1404.3 10153.1 30011.5  82089.0    81977
read      428.9   750.7   173.5   228.1   244.4   358.1   416.5   450.9   476.5   510.5   561.7   654.5  1344.5 10086.9 32012.0  91577.0    91567
read      440.4   790.3   173.5   223.1   237.4   340.3   413.5   468.6   510.1   557.3   613.9   696.7  1596.9 10479.5 31294.4  48285.5    48236
read      429.4   674.9   173.5   230.2   246.6   362.6   423.7   460.6   489.7   526.1   577.4   671.0  1135.0 10983.8 30657.2  91998.0    91726
read      436.1   700.0   173.5   225.6   240.4   344.6   414.5   465.0   507.0   555.3   614.7   700.6  1908.1  9325.4 31670.0  52728.0    52458
read      434.6   747.5   173.5   225.0   239.8   347.4   411.2   451.5   483.9   526.1   582.7   679.6  1836.3 10668.9 31616.7  70717.0    70467
read      427.4   730.9   173.5   224.8   239.5   343.4   406.7   447.8   480.2   522.6   579.0   672.5  1806.0 11921.2 31039.0  70825.0    71151
read      431.1   779.7   160.7   226.3   241.3   346.9   414.2   457.9   493.4   537.4   594.0   683.3  1433.1 10737.3 35347.1  64890.5    65016
read      444.4   726.5   173.5   227.0   242.1   354.2   445.1   507.0   549.8   599.2   656.2   745.1  1274.4 10428.0 31586.8  41966.5    42057
read      463.5   871.4   173.5   235.1   252.6   380.8   450.0   493.6   527.9   571.7   631.8   738.2  1217.4 15444.3 35698.5  78705.5    78821
read      463.6   938.6   173.5   226.4   241.5   354.0   430.0   480.0   518.5   564.9   626.2   731.2  2034.7 11871.8 32262.6  60633.0    60720
read      500.7   973.7   173.5   227.7   243.5   372.4   475.8   535.4   578.4   626.8   686.2   805.4  2246.6 12309.3 36337.5  39825.5    39911
read      607.2  1424.1   187.4   247.8   269.5   443.1   508.0   542.7   571.3   609.1   674.0   994.1  4575.3 30466.2 35974.9  10469.5    10628
read      491.1   796.6   173.5   233.0   250.5   387.0   469.5   524.2   566.8   623.8   713.2   883.8  1953.5 12519.2 35189.2  73767.0    73736
read      577.5  1310.0   187.4   256.8   282.6   423.2   472.4   501.6   523.1   547.1   591.6   726.0  4960.5 19132.4 38710.5   7449.0     7334
read      515.7   870.8   173.5   236.1   255.6   392.0   457.7   503.4   542.8   596.1   683.4  1022.4  2595.6 11193.6 35436.4  91720.0    91868
read      371.1   240.7   173.5   223.9   237.7   333.6   393.2   429.0   457.3   493.6   543.3   622.1   801.9  1827.7  9155.2  76461.0    76670
read      445.7   397.7   173.5   249.1   270.3   427.9   479.9   504.0   523.0   544.3   576.2   628.7   791.1  6280.6 17229.9  10254.5    10405
read      458.1   583.3   173.5   234.7   251.5   392.7   498.3   547.9   580.9   617.6   661.6   731.0  1142.3  5826.1 31633.7  26088.5    26019
read      431.2   703.7   173.5   224.5   238.7   339.4   407.9   457.7   498.9   547.0   604.3   686.9  1440.1  9831.3 30071.1  55492.0    55530
read      446.9   783.3   173.5   223.3   236.8   353.4   461.5   509.6   542.2   576.8   618.2   683.4  1925.0  9285.3 35220.3  29832.5    29615
read      419.9   601.2   173.5   226.7   241.9   348.2   415.1   457.0   491.3   535.5   590.0   674.9  1150.1  8782.1 30340.8  66251.0    66057
read      424.6   715.5   173.5   223.5   237.5   338.3   404.2   453.9   493.5   538.3   592.7   675.7  1459.5  9390.2 31537.7  55042.0    55281
read      461.9   637.7   173.5   228.5   243.9   392.8   485.5   525.4   550.0   580.1   618.5   686.6  1972.9  8590.6 29200.9  21146.5    21177
read      409.0   696.5   173.5   225.5   240.3   341.6   398.6   432.9   460.2   494.5   541.0   623.8  1130.4  9631.9 31897.4  88214.0    88239
read      416.4   721.0   173.5   224.9   239.3   340.6   401.9   443.0   475.5   517.0   571.3   652.8  1130.3 10012.8 31371.4  70456.5    70227
read      474.9   688.3   173.5   226.8   241.4   375.0   478.6   523.7   551.1   585.5   631.3   733.9  2597.8  7872.9 31424.4  23695.0    23421
read      401.8   635.8   173.5   226.8   242.1   346.8   402.6   435.1   461.0   493.6   538.3   613.8   865.1  9610.7 30908.5  97185.5    97104
read      454.1   791.5   187.4   257.9   285.4   393.0   431.9   456.3   473.2   497.5   530.0   587.8  2046.1  6839.9 31917.0   6301.5     6235
read      428.2   655.7   173.5   227.1   242.3   351.3   420.5   463.6   499.9   545.0   601.4   683.3  1433.3  8626.6 30753.9  57762.0    58045
read      459.4   682.9   173.5   226.7   242.0   379.3   482.3   525.3   552.7   585.0   625.9   699.6  1934.1  7671.7 32145.8  23927.0    23729
read      458.4   769.0   173.5   225.5   240.3   349.1   437.7   497.8   539.3   585.7   638.6   726.4  2360.0  9621.5 31401.4  40973.0    40897
read      412.1   612.9   173.5   222.7   236.3   335.2   403.4   453.6   493.4   539.1   592.8   670.5  1166.6  8975.0 30736.2  53242.0    53312
read      414.2   694.6   173.5   224.1   238.3   340.6   399.1   434.7   463.1   498.4   545.8   634.9  1619.8  8907.2 31403.6  87094.5    87262
read      404.9   538.9   173.5   224.3   238.5   338.8   397.6   433.5   462.6   499.8   549.3   638.6  1548.8  7091.9 29484.5  82066.5    81836
read      423.0   626.7   173.5   228.0   244.0   352.7   411.2   447.7   475.3   512.5   567.5   666.4  1506.6  9033.2 31047.5  92582.5    92274
read      397.2   217.0   173.5   226.3   241.5   347.8   426.0   480.3   521.7   566.0   616.5   684.0   857.8  1962.7  8095.1  47193.5    47252
read      376.4   210.2   173.5   225.1   239.5   339.1   398.8   434.5   465.1   503.5   551.5   629.6   801.4  2432.8  6169.2  76098.5    75747
read      372.2   239.2   173.5   225.8   239.9   336.1   395.3   430.8   458.8   493.7   540.5   615.5   787.4  1808.2 13056.9  80903.0    80994
read      364.7   170.3   173.5   225.0   239.5   334.3   387.5   418.7   442.5   472.0   515.8   588.8   805.5  1930.7  3988.3  98283.0    98224
read      476.9   739.2   187.4   255.1   280.4   421.8   467.3   493.5   511.2   537.7   573.8   641.1  2139.0  9201.5 31769.6   7830.5     7737
read      448.5   637.9   173.5   226.9   242.2   357.2   450.4   509.7   548.1   589.3   639.8   731.7  2064.9  7118.2 31468.8  37238.0    37514
read      465.9   547.3   187.4   245.6   267.3   436.0   490.8   519.0   538.6   562.7   593.9   666.1  1349.1  5125.4 28941.2  10524.0    10640
read      430.6   701.9   173.5   232.7   249.4   359.5   419.6   455.8   483.5   518.9   567.7   660.6  1417.4  7741.3 32193.8  90286.0    90490
read      393.9   495.1   173.5   226.5   241.4   342.4   398.4   431.1   456.9   489.0   532.9   607.6   934.9  7435.1 22542.2  92703.0    92514
read      395.9   594.6   173.5   224.6   238.9   336.2   391.6   425.1   451.3   483.7   528.1   600.9  1035.2  7826.2 31003.4  89437.5    89245
read      393.7   522.5   173.5   224.5   238.5   333.8   392.1   428.2   458.6   498.3   549.2   631.5   996.5  7132.3 28778.6  73986.5    73823
read      422.7   569.6   173.5   224.3   238.2   337.8   418.1   477.8   521.1   567.9   620.9   695.5  1418.9  8106.9 25695.2  46615.5    46565
read      459.3   623.4   173.5   228.3   243.6   401.0   498.5   537.8   564.8   594.5   631.8   692.6  1797.7  7073.3 30819.2  21231.5    21419
read      408.7   536.6   173.5   227.8   243.0   348.7   412.3   453.6   487.9   530.8   587.9   678.7  1068.9  6099.6 31416.9  66771.5    66915
read      432.1   459.2   173.5   233.1   249.0   371.3   479.7   536.4   572.3   610.3   653.5   719.8   878.0  3750.7 12837.3  31641.5    31667
read      377.7   169.9   160.7   227.4   242.1   340.1   401.9   440.0   470.4   509.1   560.7   638.5   825.1  1776.7  3867.9  72013.5    72255
read      362.2   177.7   173.5   226.1   240.6   331.2   382.9   414.6   438.9   469.3   509.9   578.0   752.9  2140.1  6501.2  99225.5    99535
read      563.8  1224.9   187.4   251.5   276.2   443.2   499.6   532.4   557.0   589.2   641.5   794.1  3816.2 28369.1 37199.7   9174.0     9226
read      443.6   760.6   173.5   226.6   241.7   352.3   422.5   467.3   503.5   546.7   610.6   735.5  1782.0 12300.0 32225.1  67414.0    67844
read      386.6   247.0   160.7   226.7   241.7   345.9   410.2   449.3   479.1   517.4   568.7   643.5   838.5  2781.2 10185.4  71334.5    71413
read      373.1   180.6   173.5   229.8   245.1   347.9   401.1   431.8   455.8   484.8   524.4   588.5   763.9  1594.0  5703.7  97583.0    97328
read      400.8   217.1   173.5   229.5   245.3   356.3   425.2   470.1   508.7   556.7   614.6   689.8   869.9  2325.5  7253.2  55071.0    55113
read      403.2   344.0   173.5   229.5   245.0   355.0   425.9   471.9   509.7   557.4   613.8   688.3   861.3  2689.3  9473.1  53772.0    53743
read      549.1  1120.5   173.5   233.5   252.1   439.5   524.8   569.5   601.8   638.7   688.2   792.0  3621.4 15236.8 37350.1  15215.0    15253
read      414.2   464.2   173.5   230.7   246.9   358.9   417.7   453.1   480.9   518.0   573.4   670.3  1470.9  6675.8 15855.9  90156.0    90605
read      493.1   593.2   160.7   230.7   247.5   410.0   524.6   581.1   619.2   664.3   724.7   840.4  1968.9  7561.3 28567.4  25813.0    25767
read      372.1   212.5   173.5   227.2   242.2   341.8   396.9   429.5   454.5   485.0   527.1   595.3   782.6  1962.2  7576.7  93658.0    93458
read      366.9   188.1   173.5   225.5   240.0   336.4   391.1   423.1   447.3   477.0   519.1   586.2   787.6  1987.9  8105.4  95040.0    95080
read      375.0   286.6   173.5   225.1   239.7   337.2   393.4   426.0   451.0   481.2   522.5   589.8   803.2  3946.7  9381.0  88200.5    88399
read      378.5   288.3   173.5   226.1   240.9   340.5   394.7   426.4   450.8   480.9   523.6   592.7   881.5  3660.0  9428.6  95923.0    95681
read      418.7   334.6   173.5   224.6   239.4   355.7   465.9   523.5   558.6   598.1   638.0   693.4   913.8  3592.6 12826.6  32799.0    33003
read      388.6   391.8   160.7   228.5   244.3   349.6   403.5   434.7   458.6   487.4   527.1   593.9   871.5  4881.5 15284.6  98623.5    98809
read      404.5   430.1   173.5   226.3   241.0   347.7   412.5   453.9   487.3   529.4   584.1   668.5  1031.9  5689.5 12311.1  64481.5    64610
read      411.8   356.7   173.5   227.4   242.7   350.7   426.3   480.1   522.6   571.6   626.9   701.4   996.2  4199.8 11563.8  51155.5    51183
read      442.5   393.5   173.5   232.4   248.5   412.7   502.4   541.0   567.7   596.4   633.1   688.0   973.5  3774.5 18947.7  20425.0    20194
read      440.4   403.0   187.4   254.4   282.2   413.5   456.6   479.8   497.3   517.7   545.3   598.0   945.6  8002.3 12744.8   7681.0     7602
read      424.6   476.6   173.5   229.3   245.3   362.9   441.4   494.3   534.2   579.7   632.6   706.0  1134.1  4714.8 16159.5  46378.5    46677
read      437.9   428.1   187.4   267.1   298.8   400.8   438.1   461.8   479.1   501.7   534.4   592.7  1149.6  8346.7 16829.5   5703.0     5577
read      451.8   419.7   173.5   240.0   258.5   411.4   495.2   536.8   565.1   595.5   634.0   693.8  1003.3  4490.9 18702.0  22940.0    23035
read      415.8   506.3   173.5   227.3   242.8   351.8   420.4   465.2   502.0   546.4   604.2   683.0  1213.5  6057.7 28565.4  57367.0    57516
read      391.1   346.9   160.7   225.9   240.6   342.9   406.2   448.1   481.4   524.8   580.2   657.0   866.6  3680.0 10121.8  62772.0    62851
read      418.7   351.8   173.5   226.2   241.0   349.7   449.7   514.7   556.6   602.1   650.5   720.2  1031.4  3708.9 15461.5  38484.5    38431
read      439.6   426.5   173.5   228.2   243.6   378.9   490.1   536.3   566.1   599.1   638.9   701.4  1176.8  5325.4 15510.5  25759.0    25729
read      435.8   289.0   173.5   231.6   247.7   413.9   500.6   536.7   560.9   588.0   623.2   678.0   909.3  2979.0  9546.4  19652.0    19443
read      440.1   332.9   173.5   233.2   249.6   415.2   500.5   536.3   560.7   588.9   623.6   677.4   907.8  4529.5 12629.4  19490.5    19461
read      416.6   313.9   173.5   227.8   243.3   352.5   443.0   505.7   549.1   594.3   645.4   715.8  1035.0  2918.8  9390.3  42338.5    42341
read      439.4   346.5   187.4   274.8   305.1   412.7   449.2   469.1   486.4   505.1   535.9   593.8  1083.7  4846.4 10951.2   5744.0     5691
read      435.7   379.1   173.5   232.7   249.9   373.5   455.8   507.2   544.6   587.3   637.9   712.7  1207.2  5240.5 11981.8  39881.5    40223
read      430.1   332.6   173.5   229.9   246.1   369.9   482.9   534.3   566.6   601.2   640.5   705.6  1004.9  3713.0 12343.6  29951.5    29941
read      421.1   361.4   173.5   229.0   244.5   355.1   444.8   508.6   550.4   595.9   646.0   713.8   935.5  4425.4 13369.4  41221.0    41162
read      413.4   368.3   173.5   225.2   240.2   348.2   435.3   496.6   539.0   583.8   633.0   704.2  1009.3  4371.4  8283.3  43893.5    43863
read      438.2   264.4   173.5   230.5   246.4   410.0   499.7   536.3   560.8   588.6   624.6   681.1  1067.3  3970.8  4396.4  20347.5    20318
read      393.4   477.3   173.5   225.8   241.0   343.0   398.0   430.4   455.9   488.5   535.2   617.6  1044.6  5957.8 16110.7  93309.0    93421
read      404.1   266.8   173.5   226.4   241.2   346.1   425.7   482.1   524.0   572.2   624.5   693.0   966.6  3387.7  7681.8  48793.0    48578
read      408.3   283.0   173.5   225.3   239.9   347.0   440.0   501.1   541.8   585.8   634.0   698.4   942.5  3803.1  7520.0  40291.5    40595
read      446.5   468.5   173.5   233.4   249.8   422.8   499.8   533.5   555.9   583.1   618.5   677.4   914.2  4022.0 28932.3  17651.0    17677
read      399.1   518.4   173.5   226.6   241.7   346.5   406.2   441.7   468.0   501.9   546.9   624.3   937.4  6607.7 30155.8  79238.5    78948
read      444.4   365.6   173.5   246.3   268.3   424.5   473.7   498.4   515.3   536.5   564.5   618.3   932.5  6035.9 14011.4   9721.0     9703
read      438.2   311.8   187.4   248.9   271.5   422.6   468.2   493.1   509.1   532.1   559.6   612.4   814.4  4492.5 12463.3   9729.5     9686
read      439.0   578.2   187.4   258.9   284.4   410.1   449.8   469.9   487.6   506.2   535.2   585.6   997.5  5831.5 29476.3   7863.5     7968
read      450.3   369.9   187.4   241.1   261.4   423.7   486.6   518.5   540.7   567.7   600.8   660.9  1198.7  4599.3 12871.0  15703.0    15830
read      443.8   471.1   187.4   257.1   284.9   419.4   462.1   485.6   502.3   522.6   545.9   594.7   914.8  6341.3 21069.3   8251.0     8192
read      396.8   403.1   173.5   227.3   242.5   346.4   406.0   443.1   471.3   507.7   557.2   640.7  1013.3  5519.8 12622.7  79190.5    79410
read      388.6   462.8   173.5   224.9   239.3   337.1   396.4   432.8   461.6   498.4   545.8   622.8   871.0  6257.8 28357.8  76510.0    76582
read      401.4   311.7   173.5   225.9   240.7   346.8   417.8   467.9   509.1   556.8   613.8   685.1   931.5  3930.4  7904.5  54457.0    54634
read      384.8   302.9   173.5   224.1   238.2   335.8   397.3   435.1   466.0   504.9   556.2   636.5   965.3  4270.1 12027.4  72142.5    72177
read      449.7   517.2   173.5   235.8   252.7   426.5   490.1   520.1   539.9   563.9   592.7   654.8  1083.3  5861.8 31070.0  15090.0    15101
read      445.6   403.3   187.4   253.0   277.3   417.9   460.8   485.3   503.2   526.2   554.3   617.5  1301.2  7381.6 15779.8   8138.5     8167
read      421.3   359.3   173.5   229.7   245.5   365.3   445.7   496.7   534.0   577.2   628.6   704.6  1078.5  3781.2 12207.4  43702.5    44130
read      406.0   350.4   173.5   226.3   241.2   348.9   422.4   470.7   511.0   558.6   614.9   687.6  1008.1  3898.1 12715.2  53145.0    53047
read      379.3   281.4   173.5   226.8   242.1   342.6   396.9   428.7   453.0   482.6   523.4   591.2   906.0  3598.9  7383.8  97288.5    97171
read      388.5   502.6   173.5   224.4   238.7   335.6   392.8   427.9   456.0   491.5   539.7   619.2   968.3  6113.4 27775.5  81316.5    81360
read      388.8   421.3   173.5   225.1   239.6   337.7   395.8   430.9   459.0   495.0   542.7   623.8   940.0  6297.4 11941.3  77617.5    77277
read      418.5   311.5   173.5   227.3   242.6   352.2   454.2   517.3   557.3   600.6   644.9   709.8   954.4  3795.7 12696.7  38435.5    38294
read      450.1   565.2   173.5   242.4   262.1   427.6   478.7   503.0   521.3   541.9   574.3   629.2   829.9  8125.3 28465.5  11092.0    11165
read      406.8   521.7   173.5   227.3   242.4   348.3   410.5   447.8   476.1   512.3   562.9   647.0  1165.8  5918.2 27985.8  74317.5    74155
read      438.0   359.8   173.5   238.2   256.0   429.5   482.3   507.3   527.2   547.9   580.3   633.8   828.5  4098.6 15776.4  12292.5    12255
read      415.6   444.1   173.5   226.2   241.3   348.2   422.1   472.7   513.9   560.7   618.2   693.0  1179.1  4875.4 13500.4  52171.0    52404
read      452.5   582.3   173.5   233.9   249.8   425.0   497.4   528.9   548.7   577.5   613.8   671.3   978.1  7996.6 32048.9  16973.0    17057
read      429.0   351.8   187.4   264.0   294.8   404.8   443.9   463.9   479.1   499.1   526.4   577.8   946.0  4389.4 12708.2   6085.0     6005
read      400.2   541.8   173.5   227.1   242.3   347.0   404.3   437.6   464.5   498.0   543.2   624.2  1097.4  6171.4 30874.5  85053.0    85707
read      395.5   393.5   173.5   227.4   242.5   345.7   406.1   442.1   469.6   504.9   551.7   634.0  1070.1  5548.0 15072.0  79825.5    79742
read      402.4   398.5   173.5   225.5   240.3   344.8   413.4   459.0   497.1   543.0   599.9   679.8   978.0  4952.1 15263.0  58357.5    58322
read      443.7   370.8   173.5   229.1   244.8   382.2   497.0   543.9   575.3   609.6   649.5   717.7  1172.5  4957.4 12102.3  26259.0    26212
read      397.3   507.6   173.5   224.9   239.6   340.5   401.8   440.7   470.4   508.9   563.3   643.8   945.0  6054.9 30820.4  69505.0    69487
read      430.7   405.4   173.5   227.7   243.1   368.2   481.7   533.2   565.6   600.3   640.3   710.4  1008.6  3496.7 19149.0  29435.5    29507
read      406.3   344.0   173.5   226.0   241.2   346.6   420.7   471.4   512.4   561.4   618.4   691.9   909.7  4504.0  9906.9  51393.5    51412
read      400.0   337.4   173.5   226.7   241.6   348.8   414.2   454.7   486.7   527.7   583.6   671.7  1053.1  4416.5  9559.9  66939.0    67374
read      402.6   344.1   173.5   227.5   242.6   346.9   416.6   464.9   504.3   552.0   610.1   684.7   929.7  4093.9  9863.9  55245.5    55125
read      402.3   316.8   173.5   225.8   240.6   344.0   416.3   467.0   507.6   554.1   610.9   685.3  1008.3  3927.4  8364.3  53085.5    53048
read      445.3   425.3   173.5   241.3   260.5   425.2   479.2   505.7   525.6   546.6   579.3   633.5   919.0  6334.7 15698.7  12113.5    12192
read      421.6   353.7   173.5   229.0   244.8   366.6   456.9   513.7   550.1   590.1   636.3   707.1   948.1  3858.0 16783.2  36059.0    36138
read      406.9   428.2   173.5   226.1   241.2   348.9   416.4   459.8   495.6   539.5   595.4   680.2  1079.0  6000.7 19295.1  60817.5    60799
read      416.6   278.4   173.5   226.5   241.6   351.9   454.6   516.3   555.3   598.9   647.7   712.8   943.6  3498.2 10862.2  36286.5    36368
read      417.4   249.6   173.5   228.2   243.3   355.7   449.1   510.9   552.7   598.2   647.3   719.3  1008.6  3581.9  5569.3  39662.0    39729
read      365.5   231.2   173.5   225.2   239.3   331.7   386.2   419.0   444.0   474.6   517.7   587.5   782.3  2236.3 11925.2  95765.0    95693
read      406.6   222.1   173.5   229.0   244.2   355.6   442.0   502.7   543.6   589.3   638.4   704.5   841.1  1826.6  4377.8  41199.5    40999
read      388.8   264.1   160.7   224.9   239.3   341.4   407.3   449.9   483.7   527.2   584.0   668.0   913.7  2862.2  9488.9  65032.5    65037
read      436.3   383.6   173.5   235.4   252.2   413.3   471.0   500.3   520.5   542.8   576.4   631.0  1294.1  4271.3 15945.6  12693.5    12633
read      416.0   697.1   173.5   222.6   236.5   338.5   409.0   459.9   499.5   543.7   597.4   673.2  1224.3  8224.6 37890.7  50081.0    50117
read      376.7   354.1   173.5   219.9   231.7   321.2   381.4   422.4   457.6   502.7   557.2   631.8   896.9  4403.9  8721.0  62662.0    62765
read      418.9   267.6   173.5   232.6   249.6   407.5   460.8   487.4   505.5   529.2   558.3   616.2   904.9  3268.6  8636.7  12359.0    12379
read      398.2   315.6   173.5   222.7   236.5   336.6   408.5   462.1   504.1   550.1   604.9   683.4  1082.0  3717.6 10305.5  49040.5    49369
read      410.3   466.6   173.5   222.3   235.8   337.8   430.2   488.9   527.3   567.7   616.6   684.6  1041.3  5066.4 19236.1  39148.5    39111
read      387.2   351.5   173.5   221.4   234.5   326.3   392.4   441.9   484.6   531.2   583.2   651.5   847.9  4753.0  9888.6  52399.0    52692
read      431.5   493.6   173.5   224.5   238.9   374.4   476.7   520.4   549.3   581.7   621.9   686.4   941.9  7882.2 27958.3  24336.5    24539
read      391.3   453.3   173.5   222.3   236.0   330.5   393.2   435.2   470.5   515.9   570.7   644.5   965.4  5851.8 10590.5  61770.5    61591
read      405.9   595.1   173.5   221.6   234.4   331.0   404.8   460.5   501.3   545.5   594.6   667.8  1045.0  5694.3 30870.4  47755.5    47864
read      439.3   352.1   173.5   231.2   247.0   412.5   483.1   516.7   539.8   568.3   605.8   675.6  1159.8  5194.0 15496.8  16417.0    16479
read      391.2   481.7   173.5   223.1   237.1   335.0   395.3   432.2   462.4   500.5   549.6   629.8  1014.0  5487.0 27918.4  74923.5    75268
read      453.5   667.7   173.5   243.3   266.5   406.9   452.5   475.5   494.0   514.6   545.8   600.0  1901.4  7636.5 29138.9   8751.5     8714
read      465.8   761.3   173.5   238.6   258.4   412.9   472.5   498.7   517.4   540.7   573.4   633.2  1996.2  6862.4 32290.7  12908.0    13002
read      383.8   410.1   173.5   222.3   235.7   330.7   386.3   421.2   449.0   485.6   536.2   618.1  1062.1  6073.5 13229.9  76960.5    77147
read      396.8   396.6   173.5   221.7   235.0   330.8   409.7   469.3   510.5   553.2   603.7   671.8  1072.3  3661.4 14289.7  43474.0    43518
read      433.0   665.9   173.5   222.9   236.9   356.2   465.8   513.9   543.5   577.1   616.8   676.5  1203.5  6954.7 31686.6  27384.0    27206
read      393.7   401.0   160.7   222.0   235.6   331.8   397.9   447.5   487.6   534.5   588.3   665.6   968.4  4979.8 16558.5  55571.0    55859
read      401.9   306.3   173.5   221.6   234.9   339.3   434.0   493.8   531.4   571.1   618.7   687.0   939.7  2874.2  9047.9  37674.5    37448
read      399.3   386.1   173.5   222.2   236.0   334.7   415.4   476.2   519.3   562.9   614.4   683.5   952.4  3709.0 13937.3  45057.0    45026
read      404.5   450.1   173.5   228.4   244.4   354.7   413.0   448.3   474.3   508.2   556.2   643.1  1085.7  5584.2 16936.2  99766.0    99974
read      388.6   421.9   173.5   221.9   235.1   329.8   390.1   431.0   465.3   508.0   564.1   639.0   962.5  5393.0 14047.8  64557.5    64632
read      404.9   389.8   173.5   223.0   236.7   335.7   408.8   462.6   505.7   553.1   608.2   684.3  1185.3  4887.8 10952.4  48993.0    49061
read      376.4   331.9   160.7   222.0   235.5   328.4   385.1   420.1   448.4   484.3   532.4   607.7   962.3  4232.2  8724.3  80070.5    80418
read      429.3   381.5   173.5   227.7   243.1   404.9   473.2   504.5   526.5   549.3   585.3   645.0  1100.0  5496.4 12608.8  16419.0    16471
read      404.5   283.5   173.5   221.4   234.6   339.3   438.9   498.5   534.8   572.6   615.5   676.8   928.7  4182.7  9442.5  35725.0    35694
read      444.8   552.9   173.5   230.8   247.2   410.9   472.2   500.6   521.2   544.7   579.4   636.0  1900.4  5779.3 30370.5  13939.5    13935
read      385.4   546.4   173.5   221.4   234.4   327.9   382.8   415.7   441.2   475.9   524.7   606.2  1219.6  6265.3 30932.7  79364.5    79838
read      398.3   468.9   173.5   221.7   234.6   329.0   402.6   458.6   499.5   542.3   592.3   664.0   988.8  5964.7 15835.4  48608.0    48842
read      437.1   399.5   173.5   227.2   242.6   409.0   488.1   522.7   544.9   572.4   606.3   665.8  1020.3  4498.6 17330.6  17780.0    17708
read      424.2   313.8   173.5   224.9   239.7   356.1   465.3   521.4   555.6   593.2   637.0   705.1  1143.0  3924.1  8515.7  31325.0    31401
read      395.8   390.0   173.5   223.3   237.5   339.3   404.6   448.9   485.2   530.5   587.4   668.2  1089.4  4539.5 10873.0  62208.0    62091
read      370.4   385.1   173.5   220.9   233.6   325.0   377.9   409.1   433.1   464.8   508.4   583.0   927.0  5260.4 12743.7  87195.0    87121
read      365.6   430.8   173.5   220.4   232.2   320.1   372.1   402.4   428.2   461.2   507.6   581.4   819.2  4303.4 20201.0  81941.5    81929
read      402.3   308.5   173.5   221.8   234.9   336.9   423.3   484.8   525.9   569.2   618.9   687.3  1039.0  3552.9 10891.1  42220.5    42013
read      376.8   400.4   173.5   222.8   236.6   329.8   383.8   415.5   439.6   470.3   514.3   588.4   969.3  4814.1 14901.1  90734.5    90709
read      387.7   734.7   173.5   220.3   232.3   321.2   375.8   410.7   440.1   480.0   533.1   610.2   813.3  9979.6 31707.6  67539.5    67578
read      381.3   275.8   173.5   220.8   233.6   327.0   389.7   434.4   472.8   523.8   584.0   657.0   919.9  3465.7 10017.8  57740.5    58116
read      391.7   450.0   160.7   222.6   236.0   330.8   389.0   427.9   460.2   501.3   555.2   637.4  1186.9  5579.6 15349.6  68819.5    68886
read      390.0   490.0   173.5   223.7   238.0   338.4   395.0   428.3   454.6   487.3   532.2   612.2  1020.5  4748.8 30167.5  93038.0    93119
read      385.4   450.0   173.5   223.4   237.6   336.7   390.7   422.5   446.6   476.8   520.6   600.7   934.3  6421.9 20481.6  95140.0    95079
read      381.9   456.8   173.5   222.1   235.5   330.4   387.8   423.3   451.7   487.7   535.2   611.9   939.6  5582.0 12048.2  77670.5    77456
read      439.2   678.7   173.5   228.6   244.3   404.9   473.2   504.8   526.6   549.2   584.5   636.8   919.4  7930.6 31578.0  15711.0    15723
read      432.1   328.5   187.4   239.8   260.1   411.1   460.2   484.9   501.7   523.0   548.2   602.2  1003.1  5552.7 12925.2   9909.5     9867
read      459.6   903.5   187.4   250.2   273.9   408.8   453.8   477.0   495.6   516.3   543.1   592.7  1501.2  9068.4 52394.5   8104.5     8176
read      394.1   488.2   173.5   224.1   238.5   338.3   395.0   428.4   454.7   487.6   533.5   616.5  1175.7  6338.9 27000.9  89277.0    89745
read      432.2   595.1   173.5   235.8   253.0   403.5   452.9   477.7   495.2   514.3   541.5   586.6   895.6  6951.9 22066.5  11050.5    11058
read      376.1   351.8   173.5   221.6   234.7   330.2   386.0   420.0   447.0   481.2   530.6   609.0   962.9  4573.8 15293.5  81208.0    81413
read      423.1   273.8   173.5   225.4   240.2   386.1   482.6   521.9   546.6   577.3   615.4   677.8   966.0  3344.9 11260.3  21832.0    21659
read      431.9   598.4   173.5   224.3   238.8   364.7   471.7   518.6   548.7   584.2   628.3   696.3  1093.5  6343.1 19376.9  27370.0    27181
read      427.3   379.0   173.5   225.8   241.0   397.0   470.0   501.6   523.5   546.9   581.9   637.8  1045.5  4336.6  9963.6  17619.5    17420
read      419.9   296.8   173.5   224.0   238.5   378.7   481.0   522.3   546.5   576.9   614.3   672.7   916.4  3148.0 10098.9  23044.0    23028
read      403.3   359.2   173.5   221.2   233.7   337.3   436.3   491.3   525.2   560.3   602.7   667.9  1013.5  3767.2 15383.7  33678.0    33694
read      418.9   385.9   173.5   224.2   238.6   348.4   453.0   510.4   543.2   581.2   627.6   694.9  1078.3  4309.8 13330.8  32992.0    32735
read      392.2   391.4   173.5   222.0   235.4   329.1   396.8   445.1   483.5   530.0   585.4   663.5  1088.5  4921.9 16970.5  57310.0    57645
read      392.4   322.9   173.5   220.9   233.5   330.0   405.8   465.8   507.0   550.0   598.4   665.7   986.7  3888.9 12327.4  45376.5    45216
read      409.6   686.8   173.5   221.6   234.8   329.7   395.8   442.8   481.7   528.3   583.4   663.9  1214.2  8487.0 31526.4  57630.0    57659
read      384.2   328.4   173.5   224.6   239.0   338.8   396.6   431.2   458.8   493.0   539.4   618.0  1014.1  4463.3 13354.9  85751.0    85443
read      420.0   251.0   173.5   230.2   245.7   412.6   474.1   502.5   522.0   542.7   574.6   627.7   807.6  2579.5 12228.6  14366.5    14390
read      436.8   538.5   173.5   224.2   238.6   355.2   465.6   519.5   552.1   589.3   633.1   705.7  1417.6  6237.9 28886.1  31527.0    31520
read      384.7   389.3   173.5   222.6   235.7   329.6   389.3   427.6   459.7   500.7   552.7   628.7   981.0  5134.3 12067.5  67166.5    67089
read      445.4   457.2   173.5   228.9   244.7   413.2   482.6   515.2   538.3   565.9   600.6   665.5  1667.8  7566.0 15879.6  16482.5    16537
read      443.1   534.6   173.5   229.7   244.9   406.9   486.3   521.0   542.8   570.1   604.2   664.2  1245.7  5918.2 30433.8  18677.0    18930
read      413.0   534.7   173.5   223.7   237.6   339.0   417.3   473.6   516.8   567.4   622.6   693.1  1133.4  5093.5 25724.9  46718.0    46784
read      372.8   399.7   173.5   222.9   236.9   329.1   382.4   413.9   437.3   468.5   511.5   581.7   843.2  5092.7 12382.5  93361.5    93102
read      377.3   402.1   173.5   223.0   236.9   332.1   387.1   419.8   444.8   477.2   522.6   597.0   908.8  4573.8 18997.8  89733.5    89799
read      384.0   345.8   160.7   223.4   237.3   332.1   393.4   432.8   465.4   506.2   560.4   636.8   970.3  5245.4  8682.4  66656.5    66551
read      379.3   364.8   173.5   225.8   240.6   336.5   390.0   422.1   446.8   477.3   521.0   591.0   899.6  4265.8  8275.0  92914.5    93104
read      431.0   671.2   173.5   226.2   241.2   347.1   433.8   492.2   532.1   576.3   626.4   698.2  1247.6  7537.4 31514.9  43989.0    43768
read      411.7   602.1   173.5   224.7   239.5   339.8   408.6   457.1   494.8   537.5   589.3   665.0  1136.2  9719.6 30431.5  54088.0    54006
read      389.8   358.8   173.5   226.5   241.4   339.5   399.9   440.2   473.2   515.5   568.6   639.7   886.3  3992.9 13465.5  64680.5    64618
read      393.0   426.9   173.5   227.1   242.5   341.2   396.3   430.4   458.1   493.1   540.4   622.3  1138.3  5230.1 16087.3  86517.5    86482
read      382.1   478.7   173.5   223.5   237.3   329.7   386.5   421.5   449.6   486.0   535.1   614.0  1010.6  4673.1 24480.2  77498.0    77459
read      393.2   422.6   173.5   223.2   237.1   332.9   395.0   438.0   473.2   519.4   575.2   653.1  1108.3  5338.4 12824.8  60951.5    61365
read      388.0   409.4   173.5   221.5   234.3   326.6   393.8   441.3   480.8   525.5   576.9   640.5   875.8  5228.6 11894.5  52553.0    52346
read      375.2   387.2   173.5   223.4   237.3   329.1   381.8   414.1   438.5   469.9   515.7   588.0   937.0  5625.2 12463.4  87092.5    87286
read      430.5   315.2   173.5   229.7   245.3   407.7   479.7   512.8   535.1   560.5   592.9   652.0  1147.8  2954.1 12328.0  17289.0    17384
read      369.5   305.2   173.5   223.2   237.2   330.2   382.4   412.6   435.9   466.2   507.0   577.4   860.2  4879.4  9752.7  98173.5    98165
read      398.9   412.7   173.5   226.2   241.3   342.7   405.5   447.6   481.1   524.6   580.1   658.6   982.9  4520.5 14385.3  63272.5    63330
read      438.7   743.1   187.4   257.9   282.2   380.6   416.6   434.9   450.8   467.6   498.1   555.2  1664.9  9382.4 32327.6   5816.0     5866
read      426.0   409.7   173.5   229.3   245.2   366.6   449.0   501.0   536.6   577.5   625.1   690.1  1024.7  4714.0 19395.5  37247.0    37693
read      390.0   406.7   160.7   223.9   238.1   334.5   391.8   427.4   456.2   493.3   542.3   622.0  1147.2  4907.8 11054.0  75468.5    75360
read      397.7   265.6   173.5   221.4   234.4   337.2   435.8   490.6   524.5   560.2   602.4   665.2   907.6  3239.9  9755.8  34819.5    34753
read      403.3   458.3   173.5   224.5   238.8   337.8   402.9   448.3   484.0   528.1   582.4   665.2  1386.3  6093.2 18993.0  59796.5    59823
read      379.2   276.2   173.5   222.0   235.5   329.1   388.8   428.4   461.4   504.8   560.8   635.3   925.3  3851.4  9822.3  68507.0    68266
read      401.5   373.5   173.5   223.0   236.7   334.4   421.5   476.7   514.9   552.3   594.9   657.5  1089.7  5026.9 11992.7  39472.5    39383
read      381.7   427.4   173.5   221.7   234.5   324.9   383.1   422.1   455.0   497.1   550.3   627.3  1020.5  5321.7 18940.3  65132.5    65072
read      419.5   553.7   173.5   220.6   233.3   339.8   444.1   499.8   533.7   569.3   611.4   675.8  1216.2  6033.3 30753.8  33068.5    33192
read      392.6   389.0   173.5   221.3   234.2   327.2   399.4   455.5   499.1   546.8   601.3   672.4   939.1  5039.3 16998.6  51606.0    51847
read      394.4   544.2   173.5   221.8   234.8   326.3   385.7   428.2   465.0   509.9   566.0   641.5  1072.3  6186.4 30671.9  62288.0    62362
read      372.1   371.4   173.5   222.1   235.0   326.3   380.4   413.5   438.8   471.7   520.5   595.4   864.7  4664.7  9912.0  83979.0    84073
read      383.5   367.4   173.5   221.7   234.6   325.4   384.8   427.3   464.3   510.6   568.3   645.4   999.9  5047.7 13209.2  64321.0    64213
read      422.9   281.6   173.5   224.5   239.1   365.8   474.5   523.1   551.5   585.1   624.4   686.7  1072.4  3756.5  6399.2  26942.0    27059
read      394.0   246.5   173.5   223.0   236.8   336.7   408.2   458.7   500.0   547.1   604.6   679.3  1037.6  3554.8  5923.6  54652.0    54703
read      384.4   498.7   173.5   224.8   239.5   335.9   388.6   419.4   442.8   471.7   513.5   587.0   962.2  5984.8 28919.7  98395.5    98366
read      408.4   419.7   173.5   222.7   236.1   345.6   453.8   502.8   533.4   566.0   603.7   665.5   891.9  3156.4 21603.0  29741.5    29565
read      380.5   421.8   173.5   222.0   234.9   328.7   386.3   422.3   451.9   490.1   541.5   620.2   937.2  5277.1 11072.5  75102.0    75000
read      381.9   438.5   173.5   221.8   234.6   326.3   389.1   431.9   467.1   512.3   568.3   640.8   864.0  3943.3 24874.8  62403.5    62235
read      427.3   595.2   173.5   225.1   239.7   343.2   422.0   479.5   524.1   572.9   627.1   702.7  1537.1  7150.5 30659.7  47565.5    47788
read      391.8   547.4   173.5   222.2   235.6   330.5   390.4   429.5   462.2   503.8   557.6   636.3   913.5  5650.6 25341.3  68745.0    68928
read      410.1   401.4   173.5   222.8   236.3   341.4   438.9   498.8   537.3   579.6   626.0   687.3   904.3  5121.6 11031.2  36657.5    36478
read      397.0   546.1   173.5   224.5   238.5   336.3   396.9   434.2   463.9   501.4   551.3   632.8   969.5  6418.6 29433.5  76110.5    76067
read      397.5   373.2   173.5   223.0   237.1   334.9   412.5   469.5   513.2   558.0   610.4   679.2   938.2  4465.8 12575.7  47110.5    47020
read      380.2   414.8   173.5   224.0   238.2   331.2   384.5   416.9   441.9   475.4   523.1   599.4  1085.9  4195.0 13797.8  81713.0    81656
read      444.5   460.9   173.5   236.2   252.1   416.5   487.0   519.3   540.4   566.4   598.6   663.0  1100.7  5644.4 28449.9  16197.0    16396
read      448.7   487.0   173.5   230.2   246.6   394.9   492.9   533.8   561.2   593.0   633.7   701.5  1479.9  7569.2 17150.8  21617.5    21661
read      393.8   296.8   173.5   224.2   238.5   334.6   404.9   459.2   501.9   548.8   603.7   676.7   990.0  3705.8  8775.9  50331.5    50156
read      403.2   417.8   173.5   225.1   240.0   336.0   404.5   458.9   501.7   550.7   609.8   685.6  1018.3  4925.3 15129.2  53934.5    54102
read      397.7   516.0   173.5   223.4   237.5   335.1   397.3   437.6   471.2   515.1   570.2   652.3  1047.4  6390.2 30604.5  65779.0    65670
read      466.0   564.8   173.5   231.5   247.9   406.4   485.3   521.1   544.5   576.6   619.8   695.2  2026.0  6777.5 24348.8  17686.0    17584
read      401.0   215.6   173.5   226.7   241.7   359.0   455.1   503.4   533.5   566.7   607.1   664.0   777.3  1654.0  8745.2  30346.0    30347
read      411.4   227.3   173.5   229.8   244.9   388.4   475.2   513.1   536.7   562.6   591.6   638.9   755.8  2651.8  9623.3  21581.0    21534
read      431.0   308.4   187.4   246.0   267.1   416.4   464.6   489.9   506.6   529.9   558.1   612.2   784.0  4513.8 10117.9  10334.5    10216
read      367.5   292.5   160.7   224.1   238.1   332.5   388.5   422.0   448.3   481.4   526.6   596.2   756.9  2313.6 11040.5  80797.0    80544
read      395.0   214.5   173.5   224.9   239.4   343.0   423.3   480.0   522.8   566.6   614.6   678.6   816.8  3426.7  7828.0  45481.5    45508
read      416.1   250.9   173.5   229.4   244.7   388.4   480.4   519.9   544.8   573.5   607.6   659.4   776.3  2321.1 12169.2  21706.5    21591
read      423.2   391.6   173.5   236.7   253.5   410.2   471.7   500.7   520.7   542.7   572.8   622.0   747.7  4183.0 17534.1  15289.5    15435
read      444.9   391.6   173.5   234.9   252.6   418.2   481.1   509.2   531.8   556.7   591.6   662.1  1078.1  7144.2 13477.3  14565.5    14502
read      434.6   638.1   173.5   229.6   245.6   404.5   471.4   501.5   522.8   545.9   580.2   635.1   913.9  9574.9 36645.7  16481.5    16369
read      399.8   472.8   173.5   221.3   233.9   334.1   418.7   477.7   517.1   555.6   601.0   665.0   888.1  6225.3 12865.3  41849.0    42077
read      404.2   287.8   173.5   222.7   236.3   339.5   443.0   500.5   536.5   575.7   621.0   685.2   953.7  3917.5 11469.0  38299.0    38334
read      433.7   315.7   173.5   227.3   242.5   408.8   485.1   518.5   540.2   567.5   602.9   662.5  1191.6  4584.2 10837.4  17875.5    17694
read      374.3   456.2   173.5   221.4   233.9   321.1   375.6   411.3   440.4   480.3   534.6   611.1   852.3  5211.1 25799.8  75099.5    75056
read      382.5   342.0   173.5   221.1   233.9   323.8   390.9   443.8   486.1   533.3   583.7   648.1   837.4  4091.5  9916.6  53859.5    53845
read      442.1   475.5   173.5   233.0   249.8   416.7   470.2   497.9   517.3   540.7   573.4   632.4  1126.3  6121.0 19658.1  13276.5    13319
read      383.1   293.3   160.7   225.1   239.6   336.2   394.1   429.9   458.4   494.8   543.4   624.3  1007.5  3819.8  7822.6  77625.0    77808
read      395.8   327.4   173.5   221.8   235.1   334.7   412.1   468.7   510.1   552.9   604.0   672.3   942.7  3681.1 13156.0  44188.5    44423
read      425.1   379.4   173.5   225.3   240.1   372.8   478.1   522.0   549.5   582.2   621.2   680.0   943.0  6254.8 10212.4  25534.5    25669
read      370.8   296.8   173.5   221.0   233.4   320.1   378.8   418.7   453.1   497.0   550.1   625.2   868.8  3497.2  9927.2  66434.5    66463
read      397.9   257.3   173.5   221.0   233.9   338.4   441.3   499.4   533.7   570.1   612.5   673.8   853.8  2737.5 10735.9  35283.0    35396
read      396.6   260.4   173.5   222.1   235.4   338.6   440.1   495.2   529.0   563.9   604.5   664.2   837.5  2755.9 11991.1  33997.0    33885
read      473.5   959.9   187.4   236.9   254.6   419.9   471.3   498.6   517.5   539.5   571.0   629.4  1159.4 11670.1 32119.4  11762.0    11712
read      394.8   389.7   160.7   222.4   236.1   334.3   405.3   456.5   495.1   538.7   591.3   663.6  1010.9  4530.0 12705.7  51589.5    51485
read      370.0   214.0   173.5   221.2   233.4   321.7   383.1   428.5   466.0   509.6   559.6   626.0   810.0  2938.8  6750.2  59407.5    59378
read      367.4   336.7   173.5   223.1   236.9   328.2   380.4   411.3   434.6   465.0   506.4   575.5   830.9  3742.0 11963.7  94854.0    94757
read      363.8   259.6   173.5   221.1   233.7   320.1   375.1   412.0   442.5   484.1   537.6   612.0   806.2  2995.1  7277.0  71966.0    71707
read      412.3   352.7   187.4   255.7   281.5   385.3   420.8   439.6   456.3   473.5   500.5   546.2  1006.9  5449.7 11890.9   6155.5     6184
read      402.4   415.2   173.5   225.5   240.6   353.1   419.7   461.6   495.6   535.6   583.7   653.6   952.8  4626.7 12532.4  52023.5    52631
read      405.1   515.1   173.5   221.5   234.5   342.3   442.1   492.8   523.3   554.8   592.8   654.4   853.4  5415.5 30375.5  31216.0    31188
read      351.0   261.7   173.5   219.2   230.7   313.7   362.4   391.2   413.7   443.0   485.4   550.8   759.8  3506.5  7276.3  91984.0    92326
read      357.7   202.2   173.5   222.1   235.2   323.9   378.7   412.2   438.4   471.8   517.4   586.1   734.4  1737.5  9377.8  78291.0    78268
read      363.3   256.9   160.7   223.5   237.0   326.7   383.3   418.4   445.7   480.3   528.4   601.7   748.2  2069.6 12037.1  78777.5    78655
read      423.7   506.6   173.5   228.9   243.7   361.6   463.8   515.8   549.6   585.0   625.6   682.7   822.5  5839.0 25822.7  29971.5    29798
read      356.8   195.8   173.5   223.8   237.8   325.6   376.0   406.3   431.1   462.0   503.2   571.6   774.4  1710.2  6549.2  95739.0    96196
read      398.7   248.4   173.5   225.6   240.8   345.9   432.2   489.4   526.5   567.0   613.7   676.2   853.6  2425.6 10572.1  39163.5    39289
read      424.4   291.9   173.5   239.7   258.0   413.8   468.9   495.8   514.1   537.4   568.1   617.6   731.7  5215.6  9802.6  13894.5    13806
read      346.8   177.5   173.5   221.1   233.7   317.6   369.4   400.1   424.8   455.6   497.1   559.6   694.8   939.6  6361.6  86039.5    86543
read      364.3   172.6   173.5   222.7   236.5   330.0   388.6   427.2   458.4   497.4   544.2   612.4   741.6   989.8  5459.3  66951.0    67095
read      426.8   272.8   173.5   237.5   255.6   416.8   478.8   506.8   527.0   547.7   581.3   632.6   755.6  3049.4 10233.0  15263.5    15164
read      423.2   265.8   173.5   234.0   250.5   400.1   483.4   520.5   544.4   573.1   608.0   664.8   793.3  3309.0 14104.7  21514.0    21544
read      354.7   208.4   160.7   221.7   234.8   323.4   377.8   411.1   436.7   469.0   510.9   574.7   704.6  1117.5  8024.8  80690.5    80587
read      343.7   166.3   160.7   220.3   232.5   317.0   366.8   396.0   418.8   446.7   484.2   542.7   674.1  1126.9  7178.0  91046.0    90870
read      428.2   331.3   173.5   234.6   251.2   410.5   483.3   516.3   538.7   565.7   599.7   655.6   778.4  5018.3 16856.0  18249.0    18274
read      407.5   262.7   173.5   230.2   246.2   361.5   456.6   508.1   540.8   576.5   618.1   675.2   797.7  1578.2 10116.4  33598.0    33727
read      435.1   376.1   173.5   248.0   269.3   422.6   468.7   493.8   510.0   532.1   558.6   613.9   747.4  7561.5 13903.9  11311.5    11433
read      428.9   387.4   173.5   239.2   257.6   413.8   478.5   507.7   529.4   551.9   584.0   631.8   757.2  3899.7 21206.6  16995.0    17009
read      376.5   220.1   173.5   225.2   239.8   339.7   401.5   442.3   474.3   513.3   562.0   629.8   748.8  1060.7 11475.9  61363.0    61531
read      358.8   224.7   160.7   222.2   235.8   325.0   380.5   415.0   441.8   476.3   521.2   589.6   729.2  1450.7 13025.9  77336.5    77691
read      354.7   157.8   173.5   222.2   235.9   322.0   376.3   410.1   437.3   471.2   517.1   583.6   716.5  1496.0  5760.4  75047.0    75329
read      354.4   181.3   173.5   221.7   234.9   322.6   377.1   410.6   436.6   469.7   513.0   579.3   719.1  1005.9  8719.9  79865.0    79936
read      358.9   160.2   173.5   222.5   236.4   325.3   382.2   417.7   445.8   481.5   529.4   598.0   737.3  1063.0  4271.4  74665.0    74872
read      437.7   415.1   187.4   258.6   286.1   410.2   451.0   473.5   493.0   513.9   543.5   593.4   759.2  8046.6 12430.3   7537.5     7464
read      435.7   318.8   187.4   252.1   274.3   422.8   474.2   500.7   519.5   540.9   570.4   620.4   747.4  4207.6 15683.8  12165.0    12219
read      427.4   206.9   173.5   239.8   259.2   409.0   482.2   516.7   539.1   567.3   604.7   664.8   793.8  1734.8  8804.6  19898.5    19906
read      426.8   247.6   173.5   240.6   260.7   410.8   479.5   512.1   534.6   560.5   593.9   649.4   768.6  2939.0 10088.8  18242.5    18108
read      430.8   413.8   187.4   263.9   293.2   404.5   443.6   464.1   480.0   500.5   528.3   574.3   728.1  6352.0 15891.8   6570.0     6498
read      430.7   379.2   187.4   267.8   299.8   399.5   435.0   456.9   471.0   493.0   519.5   566.0   809.9  7573.5  9955.5   5876.5     5794
read      394.5   201.2   160.7   229.6   245.7   364.1   428.9   468.1   499.8   536.5   582.0   647.6   790.9  1304.3 10293.3  53771.5    54376
read      428.9   293.5   173.5   244.0   264.9   419.6   472.1   500.2   519.5   540.7   572.1   624.9   739.9  4445.4 11729.6  12590.5    12545
read      358.3   187.4   173.5   224.6   238.5   325.3   377.5   409.6   434.1   466.0   507.9   576.5   729.8  2691.6  6889.4  85857.5    86110
read      429.9   334.9   187.4   246.9   267.9   416.2   462.7   486.2   501.2   520.4   544.9   588.7   741.7  6223.2 11679.3   9737.5     9730
read      360.3   187.0   173.5   224.3   238.1   326.6   380.5   413.5   439.3   471.9   518.0   587.8   743.4  1949.9  7777.3  82006.0    82140
read      360.5   207.8   160.7   223.2   236.7   326.3   382.1   416.9   444.1   478.4   525.2   597.7   743.8  1525.7  7017.9  78570.0    78511
read      377.5   222.6   173.5   225.4   239.8   336.9   398.7   438.4   470.0   508.9   559.7   633.9   800.1  2463.6  8606.8  68454.0    68231
read      430.1   348.8   173.5   241.9   261.5   421.2   471.0   496.8   514.2   536.4   564.7   611.8   745.4  4730.8 20016.6  11578.0    11420
read      356.6   224.3   173.5   223.4   236.9   323.3   375.0   405.9   430.5   461.1   502.8   571.1   744.1  2245.7  6981.4  89847.5    89777
read      363.1   203.8   173.5   223.8   237.3   326.5   382.8   418.3   446.2   480.7   528.7   601.7   760.2  2297.8  8463.6  75050.5    75189
read      362.5   227.6   173.5   225.5   239.5   329.5   382.3   413.9   438.2   469.4   512.4   585.9   787.4  2097.4  8216.2  95860.5    96119
read      372.8   243.8   173.5   225.2   239.3   331.4   390.1   428.0   458.2   495.5   544.1   623.4   814.5  2434.3  7307.9  70226.0    69998
read      360.1   183.0   160.7   224.5   238.3   326.1   380.7   414.3   440.2   474.1   521.6   596.0   753.3  1932.9  4913.9  79156.0    79345
read      426.5   295.2   173.5   233.2   248.9   395.8   490.0   530.3   558.1   590.8   626.5   678.0   803.3  3028.0 10892.3  22205.5    21991
read      368.8   205.1   173.5   227.5   242.3   336.9   389.9   422.3   447.4   478.7   522.6   594.0   788.5  2186.6  7539.9  99969.5    99920
read      436.3   351.4   173.5   238.4   255.1   425.4   493.8   524.9   544.6   570.6   601.6   646.9   747.9  2746.3 16238.8  15130.5    15067
read      368.0   282.3   173.5   227.4   242.1   336.7   390.4   422.2   446.5   475.9   516.8   585.1   757.6  1895.1  8763.2  96454.0    96201
read      412.0   246.3   173.5   228.5   243.8   365.3   472.9   522.1   552.6   587.0   625.9   681.2   803.0  1346.5 11451.6  28594.0    28442
read      422.5   257.3   173.5   231.4   247.8   388.8   486.7   528.2   553.7   583.5   619.1   669.8   791.6  2862.3 11615.2  23882.5    23738
read      436.9   358.4   187.4   251.1   274.3   423.8   466.5   491.3   508.0   530.0   554.5   598.0   736.5  5022.1 10342.1   9457.0     9437
read      372.2   239.4   173.5   227.9   242.8   341.3   396.3   429.5   455.1   486.3   529.2   601.7   795.3  1720.1  7676.3  96515.0    97039
read      405.0   196.4   173.5   229.4   245.3   357.9   443.1   497.7   536.1   578.4   626.0   687.8   829.6  2575.7  5422.7  39904.0    39843
read      424.4   293.7   173.5   246.4   267.9   419.6   466.7   491.2   507.0   528.7   552.4   597.0   710.3  2468.3 12771.1  11513.0    11616
read      378.4   157.9   173.5   226.0   241.5   347.1   408.8   448.8   479.3   516.2   561.5   623.8   758.2  1163.9  4482.4  56374.0    56350
read      410.7   186.1   173.5   231.0   247.0   383.8   475.6   515.1   540.0   568.6   602.5   653.6   751.3   993.2  7545.6  24767.5    24650
read      402.2   212.7   173.5   228.8   244.4   361.3   451.2   499.9   531.4   564.7   602.7   657.7   783.4  1772.6  7859.1  33934.5    33825
read      379.0   193.4   173.5   224.3   238.8   339.5   406.2   451.9   485.7   525.9   574.5   637.9   762.8  1217.2  6028.7  54035.0    54193
read      354.0   183.7   160.7   220.9   233.7   320.7   375.4   409.8   436.8   471.7   516.7   582.6   719.9  1405.5  5876.3  76199.0    76287
read      401.9   196.3   173.5   227.5   243.2   363.5   459.0   504.4   532.8   563.9   600.9   656.1   756.8  1223.0  8492.3  30591.0    30507
read      392.7   212.5   173.5   225.1   240.3   346.4   425.2   480.3   521.2   563.7   611.0   671.1   796.8  1409.8 10479.5  43619.5    43736
read      352.3   148.2   160.7   221.1   233.7   321.0   375.6   409.4   435.3   468.3   511.6   577.6   709.1  1150.2  4607.9  82044.5    81903
read      353.7   207.1   173.5   221.0   234.0   320.9   374.1   406.4   432.6   465.9   510.5   579.5   712.4  1180.1 10393.7  80712.5    80570
read      343.8   180.7   160.7   220.0   232.0   315.0   365.3   395.2   418.5   447.5   486.9   545.8   681.1  1166.3  9173.0  91394.0    90992
read      348.6   166.4   160.7   220.3   232.5   316.4   368.8   401.4   428.6   462.6   505.7   569.5   719.6  1214.0  7704.8  78816.5    78961
read      393.2   161.7   173.5   225.8   241.0   349.5   438.0   492.0   527.1   564.0   606.9   663.9   780.9  1028.3  4139.6  37697.5    37791
read      345.1   140.4   160.7   221.1   233.6   320.0   369.9   398.9   421.3   448.2   484.6   543.1   680.9  1146.6  4362.1  97582.0    97764
read      358.3   220.5   160.7   221.0   233.8   323.0   380.4   416.0   444.0   479.1   526.0   592.6   722.7  1513.1  9691.0  71099.5    71081
read      406.6   287.2   173.5   226.4   241.7   361.2   455.2   505.3   534.8   567.5   606.4   660.3   796.4  3540.6 12802.2  32375.5    32361
read      389.3   191.5   173.5   224.9   239.7   342.7   425.8   481.1   517.6   555.2   597.7   657.8   783.8  1221.6  5085.6  41715.5    41597
read      400.4   818.3   173.5   225.8   240.9   351.5   440.4   493.5   527.4   562.4   602.3   657.5   767.4  2828.5 10204.4  36278.5    36321
read      338.9   152.7   173.5   220.2   232.2   314.2   361.8   390.3   411.6   438.3   474.1   532.5   660.6   922.9  5761.8  97430.5    97570
read      383.4   184.5   173.5   225.0   239.9   341.4   410.8   460.4   498.3   539.9   590.2   655.1   772.0  1008.1  5279.0  50863.5    50500
read      411.3   377.1   173.5   227.1   242.6   361.2   461.1   513.2   544.8   580.9   622.5   680.5   802.3  2432.8 15999.2  32249.0    32308
read      435.0   382.9   173.5   241.5   259.8   421.2   477.5   505.7   526.0   547.1   577.4   624.3   745.5  6250.5 13779.6  14100.0    14115
read      365.6   176.9   173.5   222.3   236.2   329.5   389.8   429.3   461.3   499.5   545.0   612.8   735.0  1692.6  5404.4  64865.0    64826
read      366.3   266.5   160.7   222.2   235.9   329.6   387.8   425.1   455.3   492.7   540.4   611.6   747.1  1776.5 10623.5  67741.5    67795
read      346.4   151.8   173.5   221.5   234.6   320.2   370.3   399.7   423.1   451.9   490.8   548.2   682.8   925.4  5332.2  92623.0    92688
read      352.5   167.5   173.5   220.7   233.1   318.3   372.4   407.8   436.5   473.2   522.7   589.4   707.2   980.0  6278.1  74558.5    74427
read      411.0   313.5   173.5   226.2   241.5   361.6   461.8   513.9   545.2   580.5   621.8   678.1   805.9  2298.6 15730.4  31196.5    31361
read      380.3   266.4   173.5   222.6   236.8   334.8   404.0   454.6   492.9   534.0   581.5   642.1   748.4  1926.2 12858.6  50897.5    50686
read      415.0   308.6   173.5   228.0   243.9   376.1   471.3   513.6   541.0   574.5   616.2   675.9   800.9  3235.9 15452.8  26956.5    26859
read      431.2   345.8   173.5   238.0   255.9   417.5   480.7   510.3   531.1   552.7   585.3   633.1   748.7  4966.8 18778.5  15708.0    15666
read      343.5   193.9   173.5   220.7   233.0   315.3   364.6   394.0   416.4   444.1   480.5   538.9   679.9  1347.0  8425.1  97433.5    97479
read      394.4   250.3   173.5   224.1   238.7   345.5   431.1   486.1   524.3   565.7   612.6   672.5   789.5  1499.9  9959.7  40793.0    40641
read      400.2   225.3   173.5   225.3   240.5   353.8   446.4   499.7   533.0   569.5   613.0   672.3   795.5  1351.1  9467.6  35369.0    35398
read      362.1   138.7   173.5   222.1   236.3   330.6   389.0   425.0   454.1   491.4   538.8   604.6   729.6   975.9  3950.1  69097.5    68885
read      351.3   264.5   173.5   221.3   233.8   316.4   367.7   399.8   426.0   459.1   502.9   568.8   691.8  2158.9 11996.5  82263.5    82658
read      402.7   189.6   160.7   226.6   242.3   355.3   445.0   503.4   543.0   583.8   628.4   688.5   802.2  1205.8  5482.5  37772.5    37588
read      429.7   357.8   173.5   234.6   251.0   408.7   489.0   525.9   549.3   579.5   614.5   664.0   787.3  3384.0 25875.0  19455.5    19382
read      390.4   194.4   173.5   224.2   239.0   344.2   429.4   484.5   520.7   558.4   604.3   663.8   776.2  1042.1  7810.6  39524.5    39597
read      373.9   216.5   160.7   222.3   236.7   334.0   396.5   439.6   474.4   516.4   567.0   634.6   755.1  1367.4  8656.8  57050.0    57154
read      377.0   199.0   160.7   222.9   237.1   332.9   400.7   450.6   488.6   530.8   579.9   641.3   765.7  1573.3  9084.3  51638.0    52183

Total QPS = 50348.3 (55383132 / 1100.0s)

Total connections = 64
Misses = 0 (0.0%)
Skipped TXs = 0 (0.0%)

RX 13679633604 bytes :   11.9 MB/s
TX          0 bytes :    0.0 MB/s
Warning! Detected max cpu usage > 95%
CPU Usage Stats (avg/min/max): 99.98%,45.69%,100.00%